P3
100 100
255
1 1 0  1 1 0  1 1 0  1 1 0  1 1 0  1 1 0  1 1 0  1 1 0  1 1 0  1 1 0  1 1 0  1 1 0  1 1 0  1 1 0  1 1 0  1 1 0  1 1 0  1 1 0  1 1 0  1 1 0  1 1 0  1 1 0  1 1 0  1 1 0  1 1 0  1 1 0  1 1 0  1 1 0  1 1 0  1 1 0  1 1 0  1 1 0  1 1 0  1 1 0  1 1 0  1 1 0  1 1 0  1 1 0  1 1 0  1 1 0  1 1 0  1 1 0  1 1 0  1 1 0  1 1 0  1 1 0  1 1 0  1 1 0  1 1 0  1 1 0  1 1 0  1 1 0  1 1 0  1 1 0  1 1 0  1 1 0  1 1 0  1 1 0  1 1 0  1 1 0  1 1 0  1 1 0  1 1 0  1 1 0  1 1 0  1 1 0  1 1 0  1 1 0  1 1 0  1 1 0  1 1 0  1 1 0  1 1 0  1 1 0  1 1 0  1 1 0  1 1 0  1 1 0  1 1 0  1 1 0  1 1 0  1 1 0  1 1 0  1 1 0  1 1 0  1 1 0  1 1 0  1 1 0  1 1 0  1 1 0  1 1 0  1 1 0  1 1 0  1 1 0  1 1 0  1 1 0  1 1 0  1 1 0  1 1 0  1 1 0  
1 1 0  1 1 0  1 1 0  1 1 0  1 1 0  1 1 0  1 1 0  1 1 0  1 1 0  1 1 0  1 1 0  1 1 0  1 1 0  1 1 0  1 1 0  1 1 0  1 1 0  1 1 0  1 1 0  1 1 0  1 1 0  1 1 0  1 1 0  1 1 0  1 1 0  1 1 0  1 1 0  1 1 0  1 1 0  1 1 0  1 1 0  1 1 0  1 1 0  1 1 0  1 1 0  1 1 0  1 1 0  1 1 0  1 1 0  1 1 0  1 1 0  1 1 0  1 1 0  1 1 0  1 1 0  1 1 0  1 1 0  1 1 0  1 1 0  1 1 0  1 1 0  1 1 0  1 1 0  1 1 0  1 1 0  1 1 0  1 1 0  1 1 0  1 1 0  1 1 0  1 1 0  1 1 0  1 1 0  1 1 0  1 1 0  1 1 0  1 1 0  1 1 0  1 1 0  1 1 0  1 1 0  1 1 0  1 1 0  1 1 0  1 1 0  1 1 0  1 1 0  1 1 0  1 1 0  1 1 0  1 1 0  1 1 0  1 1 0  1 1 0  1 1 0  1 1 0  1 1 0  1 1 0  1 1 0  1 1 0  1 1 0  1 1 0  1 1 0  1 1 0  1 1 0  1 1 0  1 1 0  1 1 0  1 1 0  1 1 0  
1 1 0  1 1 0  1 1 0  1 1 0  1 1 0  1 1 0  1 1 0  1 1 0  1 1 0  1 1 0  1 1 0  1 1 0  1 1 0  1 1 0  1 1 0  1 1 0  1 1 0  1 1 0  1 1 0  1 1 0  1 1 0  1 1 0  1 1 0  1 1 0  1 1 0  1 1 0  1 1 0  1 1 0  1 1 0  1 1 0  1 1 0  1 1 0  1 1 0  1 1 0  1 1 0  1 1 0  1 1 0  1 1 0  1 1 0  1 1 0  1 1 0  1 1 0  1 1 0  1 1 0  1 1 0  1 1 0  1 1 0  1 1 0  1 1 0  1 1 0  1 1 0  1 1 0  1 1 0  1 1 0  1 1 0  1 1 0  1 1 0  1 1 0  1 1 0  1 1 0  1 1 0  1 1 0  1 1 0  1 1 0  1 1 0  1 1 0  1 1 0  1 1 0  1 1 0  1 1 0  1 1 0  1 1 0  1 1 0  1 1 0  1 1 0  1 1 0  1 1 0  1 1 0  1 1 0  1 1 0  1 1 0  1 1 0  1 1 0  1 1 0  1 1 0  1 1 0  1 1 0  1 1 0  1 1 0  1 1 0  1 1 0  1 1 0  1 1 0  1 1 0  1 1 0  1 1 0  1 1 0  1 1 0  1 1 0  1 1 0  
1 1 0  1 1 0  1 1 0  1 1 0  1 1 0  1 1 0  1 1 0  1 1 0  1 1 0  1 1 0  1 1 0  1 1 0  1 1 0  1 1 0  1 1 0  1 1 0  1 1 0  1 1 0  1 1 0  1 1 0  1 1 0  1 1 0  1 1 0  1 1 0  1 1 0  1 1 0  1 1 0  1 1 0  1 1 0  1 1 0  1 1 0  1 1 0  1 1 0  1 1 0  1 1 0  1 1 0  1 1 0  1 1 0  1 1 0  1 1 0  1 1 0  1 1 0  1 1 0  1 1 0  1 1 0  1 1 0  1 1 0  1 1 0  1 1 0  1 1 0  1 1 0  1 1 0  1 1 0  1 1 0  1 1 0  1 1 0  1 1 0  1 1 0  1 1 0  1 1 0  1 1 0  1 1 0  1 1 0  1 1 0  1 1 0  1 1 0  1 1 0  1 1 0  1 1 0  1 1 0  1 1 0  1 1 0  1 1 0  1 1 0  1 1 0  1 1 0  1 1 0  1 1 0  1 1 0  1 1 0  1 1 0  1 1 0  1 1 0  1 1 0  1 1 0  1 1 0  1 1 0  1 1 0  1 1 0  1 1 0  1 1 0  1 1 0  1 1 0  1 1 0  1 1 0  1 1 0  1 1 0  1 1 0  1 1 0  1 1 0  
1 1 0  1 1 0  1 1 0  1 1 0  1 1 0  1 1 0  1 1 0  1 1 0  1 1 0  1 1 0  1 1 0  1 1 0  1 1 0  1 1 0  1 1 0  1 1 0  1 1 0  1 1 0  1 1 0  1 1 0  1 1 0  1 1 0  1 1 0  1 1 0  1 1 0  1 1 0  1 1 0  1 1 0  1 1 0  1 1 0  1 1 0  1 1 0  1 1 0  1 1 0  1 1 0  1 1 0  1 1 0  1 1 0  1 1 0  1 1 0  1 1 0  1 1 0  1 1 0  1 1 0  1 1 0  1 1 0  1 1 0  1 1 0  1 1 0  1 1 0  1 1 0  1 1 0  1 1 0  1 1 0  1 1 0  1 1 0  1 1 0  1 1 0  1 1 0  1 1 0  1 1 0  1 1 0  1 1 0  1 1 0  1 1 0  1 1 0  1 1 0  1 1 0  1 1 0  1 1 0  1 1 0  1 1 0  1 1 0  1 1 0  1 1 0  1 1 0  1 1 0  1 1 0  1 1 0  1 1 0  1 1 0  1 1 0  1 1 0  1 1 0  1 1 0  1 1 0  1 1 0  1 1 0  1 1 0  1 1 0  1 1 0  1 1 0  1 1 0  1 1 0  1 1 0  1 1 0  1 1 0  1 1 0  1 1 0  1 1 0  
1 1 0  1 1 0  1 1 0  1 1 0  1 1 0  1 1 0  1 1 0  1 1 0  1 1 0  1 1 0  1 1 0  1 1 0  1 1 0  1 1 0  1 1 0  1 1 0  1 1 0  1 1 0  1 1 0  1 1 0  1 1 0  1 1 0  1 1 0  1 1 0  1 1 0  1 1 0  1 1 0  1 1 0  1 1 0  1 1 0  1 1 0  1 1 0  1 1 0  1 1 0  1 1 0  1 1 0  1 1 0  1 1 0  1 1 0  1 1 0  1 1 0  1 1 0  1 1 0  1 1 0  1 1 0  1 1 0  1 1 0  1 1 0  1 1 0  1 1 0  1 1 0  1 1 0  1 1 0  1 1 0  1 1 0  1 1 0  1 1 0  1 1 0  1 1 0  1 1 0  1 1 0  1 1 0  1 1 0  1 1 0  1 1 0  1 1 0  1 1 0  1 1 0  1 1 0  1 1 0  1 1 0  1 1 0  1 1 0  1 1 0  1 1 0  1 1 0  1 1 0  1 1 0  1 1 0  1 1 0  1 1 0  1 1 0  1 1 0  1 1 0  1 1 0  1 1 0  1 1 0  1 1 0  1 1 0  1 1 0  1 1 0  1 1 0  1 1 0  1 1 0  1 1 0  1 1 0  1 1 0  1 1 0  1 1 0  1 1 0  
1 1 0  1 1 0  1 1 0  1 1 0  1 1 0  1 1 0  1 1 0  1 1 0  1 1 0  1 1 0  1 1 0  1 1 0  1 1 0  1 1 0  1 1 0  1 1 0  1 1 0  1 1 0  1 1 0  1 1 0  1 1 0  1 1 0  1 1 0  1 1 0  1 1 0  1 1 0  1 1 0  1 1 0  1 1 0  1 1 0  1 1 0  1 1 0  1 1 0  1 1 0  1 1 0  1 1 0  1 1 0  1 1 0  1 1 0  1 1 0  1 1 0  1 1 0  1 1 0  1 1 0  1 1 0  1 1 0  1 1 0  1 1 0  1 1 0  1 1 0  1 1 0  1 1 0  1 1 0  1 1 0  1 1 0  1 1 0  1 1 0  1 1 0  1 1 0  1 1 0  1 1 0  1 1 0  1 1 0  1 1 0  1 1 0  1 1 0  1 1 0  1 1 0  1 1 0  1 1 0  1 1 0  1 1 0  1 1 0  1 1 0  1 1 0  1 1 0  1 1 0  1 1 0  1 1 0  1 1 0  1 1 0  1 1 0  1 1 0  1 1 0  1 1 0  1 1 0  1 1 0  1 1 0  1 1 0  1 1 0  1 1 0  1 1 0  1 1 0  1 1 0  1 1 0  1 1 0  1 1 0  1 1 0  1 1 0  1 1 0  
1 1 0  1 1 0  1 1 0  1 1 0  1 1 0  1 1 0  1 1 0  1 1 0  1 1 0  1 1 0  1 1 0  1 1 0  1 1 0  1 1 0  1 1 0  1 1 0  1 1 0  1 1 0  1 1 0  1 1 0  1 1 0  1 1 0  1 1 0  1 1 0  1 1 0  1 1 0  1 1 0  1 1 0  1 1 0  1 1 0  1 1 0  1 1 0  1 1 0  1 1 0  1 1 0  1 1 0  1 1 0  1 1 0  1 1 0  1 1 0  1 1 0  1 1 0  1 1 0  1 1 0  1 1 0  1 1 0  1 1 0  1 1 0  1 1 0  1 1 0  1 1 0  1 1 0  1 1 0  1 1 0  1 1 0  1 1 0  1 1 0  1 1 0  1 1 0  1 1 0  1 1 0  1 1 0  1 1 0  1 1 0  1 1 0  1 1 0  1 1 0  1 1 0  1 1 0  1 1 0  1 1 0  1 1 0  1 1 0  1 1 0  1 1 0  1 1 0  1 1 0  1 1 0  1 1 0  1 1 0  1 1 0  1 1 0  1 1 0  1 1 0  1 1 0  1 1 0  1 1 0  1 1 0  1 1 0  1 1 0  1 1 0  1 1 0  1 1 0  1 1 0  1 1 0  1 1 0  1 1 0  1 1 0  1 1 0  1 1 0  
1 1 0  1 1 0  1 1 0  1 1 0  1 1 0  1 1 0  1 1 0  1 1 0  1 1 0  1 1 0  1 1 0  1 1 0  1 1 0  1 1 0  1 1 0  1 1 0  1 1 0  1 1 0  1 1 0  1 1 0  1 1 0  1 1 0  1 1 0  1 1 0  1 1 0  1 1 0  1 1 0  1 1 0  1 1 0  1 1 0  1 1 0  1 1 0  1 1 0  1 1 0  1 1 0  1 1 0  1 1 0  1 1 0  1 1 0  1 1 0  1 1 0  1 1 0  1 1 0  1 1 0  1 1 0  1 1 0  1 1 0  1 1 0  1 1 0  1 1 0  1 1 0  1 1 0  1 1 0  1 1 0  1 1 0  1 1 0  1 1 0  1 1 0  1 1 0  1 1 0  1 1 0  1 1 0  1 1 0  1 1 0  1 1 0  1 1 0  1 1 0  1 1 0  1 1 0  1 1 0  1 1 0  1 1 0  1 1 0  1 1 0  1 1 0  1 1 0  1 1 0  1 1 0  1 1 0  1 1 0  1 1 0  1 1 0  1 1 0  1 1 0  1 1 0  1 1 0  1 1 0  1 1 0  1 1 0  1 1 0  1 1 0  1 1 0  1 1 0  1 1 0  1 1 0  1 1 0  1 1 0  1 1 0  1 1 0  1 1 0  
1 1 0  1 1 0  1 1 0  1 1 0  1 1 0  1 1 0  1 1 0  1 1 0  1 1 0  1 1 0  1 1 0  1 1 0  1 1 0  1 1 0  1 1 0  1 1 0  1 1 0  1 1 0  1 1 0  1 1 0  1 1 0  1 1 0  1 1 0  1 1 0  1 1 0  1 1 0  1 1 0  1 1 0  1 1 0  1 1 0  1 1 0  1 1 0  1 1 0  1 1 0  1 1 0  1 1 0  1 1 0  1 1 0  1 1 0  1 1 0  1 1 0  1 1 0  1 1 0  1 1 0  1 1 0  1 1 0  1 1 0  1 1 0  1 1 0  1 1 0  1 1 0  1 1 0  1 1 0  1 1 0  1 1 0  1 1 0  1 1 0  1 1 0  1 1 0  1 1 0  1 1 0  1 1 0  1 1 0  1 1 0  1 1 0  1 1 0  1 1 0  1 1 0  1 1 0  1 1 0  1 1 0  1 1 0  1 1 0  1 1 0  1 1 0  1 1 0  1 1 0  1 1 0  1 1 0  1 1 0  1 1 0  1 1 0  1 1 0  1 1 0  1 1 0  1 1 0  1 1 0  1 1 0  1 1 0  1 1 0  1 1 0  1 1 0  1 1 0  1 1 0  1 1 0  1 1 0  1 1 0  1 1 0  1 1 0  1 1 0  
1 1 0  1 1 0  1 1 0  1 1 0  1 1 0  1 1 0  1 1 0  1 1 0  1 1 0  1 1 0  1 1 0  1 1 0  1 1 0  1 1 0  1 1 0  1 1 0  1 1 0  1 1 0  1 1 0  1 1 0  1 1 0  1 1 0  1 1 0  1 1 0  1 1 0  1 1 0  1 1 0  1 1 0  1 1 0  1 1 0  1 1 0  1 1 0  1 1 0  1 1 0  1 1 0  1 1 0  1 1 0  1 1 0  1 1 0  1 1 0  1 1 0  1 1 0  1 1 0  1 1 0  1 1 0  1 1 0  1 1 0  1 1 0  1 1 0  1 1 0  1 1 0  1 1 0  1 1 0  1 1 0  1 1 0  1 1 0  1 1 0  1 1 0  1 1 0  1 1 0  1 1 0  1 1 0  1 1 0  1 1 0  1 1 0  1 1 0  1 1 0  1 1 0  1 1 0  1 1 0  1 1 0  1 1 0  1 1 0  1 1 0  1 1 0  1 1 0  1 1 0  1 1 0  1 1 0  1 1 0  1 1 0  1 1 0  1 1 0  1 1 0  1 1 0  1 1 0  1 1 0  1 1 0  1 1 0  1 1 0  1 1 0  1 1 0  1 1 0  1 1 0  1 1 0  1 1 0  1 1 0  1 1 0  1 1 0  1 1 0  
1 1 0  1 1 0  1 1 0  1 1 0  1 1 0  1 1 0  1 1 0  1 1 0  1 1 0  1 1 0  1 1 0  1 1 0  1 1 0  1 1 0  1 1 0  1 1 0  1 1 0  1 1 0  1 1 0  1 1 0  1 1 0  1 1 0  1 1 0  1 1 0  1 1 0  1 1 0  1 1 0  1 1 0  1 1 0  1 1 0  1 1 0  1 1 0  1 1 0  1 1 0  1 1 0  1 1 0  1 1 0  1 1 0  1 1 0  1 1 0  1 1 0  1 1 0  1 1 0  1 1 0  1 1 0  1 1 0  1 1 0  1 1 0  1 1 0  1 1 0  1 1 0  1 1 0  1 1 0  1 1 0  1 1 0  1 1 0  1 1 0  1 1 0  1 1 0  1 1 0  1 1 0  1 1 0  1 1 0  1 1 0  1 1 0  1 1 0  1 1 0  1 1 0  1 1 0  1 1 0  1 1 0  1 1 0  1 1 0  1 1 0  1 1 0  1 1 0  1 1 0  1 1 0  1 1 0  1 1 0  1 1 0  1 1 0  1 1 0  1 1 0  1 1 0  1 1 0  1 1 0  1 1 0  1 1 0  1 1 0  1 1 0  1 1 0  1 1 0  1 1 0  1 1 0  1 1 0  1 1 0  1 1 0  1 1 0  1 1 0  
1 1 0  1 1 0  1 1 0  1 1 0  1 1 0  1 1 0  1 1 0  1 1 0  1 1 0  1 1 0  1 1 0  1 1 0  1 1 0  1 1 0  1 1 0  1 1 0  1 1 0  1 1 0  1 1 0  1 1 0  1 1 0  1 1 0  1 1 0  1 1 0  1 1 0  1 1 0  1 1 0  1 1 0  1 1 0  1 1 0  1 1 0  1 1 0  1 1 0  1 1 0  1 1 0  1 1 0  1 1 0  1 1 0  1 1 0  1 1 0  1 1 0  1 1 0  1 1 0  1 1 0  1 1 0  1 1 0  1 1 0  1 1 0  1 1 0  1 1 0  1 1 0  1 1 0  1 1 0  1 1 0  1 1 0  1 1 0  1 1 0  1 1 0  1 1 0  1 1 0  1 1 0  1 1 0  1 1 0  1 1 0  1 1 0  1 1 0  1 1 0  1 1 0  1 1 0  1 1 0  1 1 0  1 1 0  1 1 0  1 1 0  1 1 0  1 1 0  1 1 0  1 1 0  1 1 0  1 1 0  1 1 0  1 1 0  1 1 0  1 1 0  1 1 0  1 1 0  1 1 0  1 1 0  1 1 0  1 1 0  1 1 0  1 1 0  1 1 0  1 1 0  1 1 0  1 1 0  1 1 0  1 1 0  1 1 0  1 1 0  
1 1 0  1 1 0  1 1 0  1 1 0  1 1 0  1 1 0  1 1 0  1 1 0  1 1 0  1 1 0  1 1 0  1 1 0  1 1 0  1 1 0  1 1 0  1 1 0  1 1 0  1 1 0  1 1 0  1 1 0  1 1 0  1 1 0  1 1 0  1 1 0  1 1 0  1 1 0  1 1 0  1 1 0  1 1 0  1 1 0  1 1 0  1 1 0  1 1 0  1 1 0  1 1 0  1 1 0  1 1 0  1 1 0  1 1 0  1 1 0  1 1 0  1 1 0  1 1 0  1 1 0  1 1 0  1 1 0  1 1 0  1 1 0  1 1 0  1 1 0  1 1 0  1 1 0  1 1 0  1 1 0  1 1 0  1 1 0  1 1 0  1 1 0  1 1 0  1 1 0  1 1 0  1 1 0  1 1 0  1 1 0  1 1 0  1 1 0  1 1 0  1 1 0  1 1 0  1 1 0  1 1 0  1 1 0  1 1 0  1 1 0  1 1 0  1 1 0  1 1 0  1 1 0  1 1 0  1 1 0  1 1 0  1 1 0  1 1 0  1 1 0  1 1 0  1 1 0  1 1 0  1 1 0  1 1 0  1 1 0  1 1 0  1 1 0  1 1 0  1 1 0  1 1 0  1 1 0  1 1 0  1 1 0  1 1 0  1 1 0  
1 1 0  1 1 0  1 1 0  1 1 0  1 1 0  1 1 0  1 1 0  1 1 0  1 1 0  1 1 0  1 1 0  1 1 0  1 1 0  1 1 0  1 1 0  1 1 0  1 1 0  1 1 0  1 1 0  1 1 0  1 1 0  1 1 0  1 1 0  1 1 0  1 1 0  1 1 0  1 1 0  1 1 0  1 1 0  1 1 0  1 1 0  1 1 0  1 1 0  1 1 0  1 1 0  1 1 0  1 1 0  1 1 0  1 1 0  1 1 0  1 1 0  1 1 0  1 1 0  1 1 0  1 1 0  1 1 0  1 1 0  1 1 0  1 1 0  1 1 0  1 1 0  1 1 0  1 1 0  1 1 0  1 1 0  1 1 0  1 1 0  1 1 0  1 1 0  1 1 0  1 1 0  1 1 0  1 1 0  1 1 0  1 1 0  1 1 0  1 1 0  1 1 0  1 1 0  1 1 0  1 1 0  1 1 0  1 1 0  1 1 0  1 1 0  1 1 0  1 1 0  1 1 0  1 1 0  1 1 0  1 1 0  1 1 0  1 1 0  1 1 0  1 1 0  1 1 0  1 1 0  1 1 0  1 1 0  1 1 0  1 1 0  1 1 0  1 1 0  1 1 0  1 1 0  1 1 0  1 1 0  1 1 0  1 1 0  1 1 0  
1 1 0  1 1 0  1 1 0  1 1 0  1 1 0  1 1 0  1 1 0  1 1 0  1 1 0  1 1 0  1 1 0  1 1 0  1 1 0  1 1 0  1 1 0  1 1 0  1 1 0  1 1 0  1 1 0  1 1 0  1 1 0  1 1 0  1 1 0  1 1 0  1 1 0  1 1 0  1 1 0  1 1 0  1 1 0  1 1 0  1 1 0  1 1 0  1 1 0  1 1 0  1 1 0  1 1 0  1 1 0  1 1 0  1 1 0  1 1 0  1 1 0  1 1 0  1 1 0  1 1 0  1 1 0  1 1 0  1 1 0  1 1 0  1 1 0  1 1 0  1 1 0  1 1 0  1 1 0  1 1 0  1 1 0  1 1 0  1 1 0  1 1 0  1 1 0  1 1 0  1 1 0  1 1 0  1 1 0  1 1 0  1 1 0  1 1 0  1 1 0  1 1 0  1 1 0  1 1 0  1 1 0  1 1 0  1 1 0  1 1 0  1 1 0  1 1 0  1 1 0  1 1 0  1 1 0  1 1 0  1 1 0  1 1 0  1 1 0  1 1 0  1 1 0  1 1 0  1 1 0  1 1 0  1 1 0  1 1 0  1 1 0  1 1 0  1 1 0  1 1 0  1 1 0  1 1 0  1 1 0  1 1 0  1 1 0  1 1 0  
1 1 0  1 1 0  1 1 0  1 1 0  1 1 0  1 1 0  1 1 0  1 1 0  1 1 0  1 1 0  1 1 0  1 1 0  1 1 0  1 1 0  1 1 0  1 1 0  1 1 0  1 1 0  1 1 0  1 1 0  1 1 0  1 1 0  1 1 0  1 1 0  1 1 0  1 1 0  1 1 0  1 1 0  1 1 0  1 1 0  1 1 0  1 1 0  1 1 0  1 1 0  1 1 0  1 1 0  1 1 0  1 1 0  1 1 0  1 1 0  1 1 0  1 1 0  1 1 0  1 1 0  1 1 0  1 1 0  1 1 0  1 1 0  1 1 0  1 1 0  1 1 0  1 1 0  1 1 0  1 1 0  1 1 0  1 1 0  1 1 0  1 1 0  1 1 0  1 1 0  1 1 0  1 1 0  1 1 0  1 1 0  1 1 0  1 1 0  1 1 0  1 1 0  1 1 0  1 1 0  1 1 0  1 1 0  1 1 0  1 1 0  1 1 0  1 1 0  1 1 0  1 1 0  1 1 0  1 1 0  1 1 0  1 1 0  1 1 0  1 1 0  1 1 0  1 1 0  1 1 0  1 1 0  1 1 0  1 1 0  1 1 0  1 1 0  1 1 0  1 1 0  1 1 0  1 1 0  1 1 0  1 1 0  1 1 0  1 1 0  
1 1 0  1 1 0  1 1 0  1 1 0  1 1 0  1 1 0  1 1 0  1 1 0  1 1 0  1 1 0  1 1 0  1 1 0  1 1 0  1 1 0  1 1 0  1 1 0  1 1 0  1 1 0  1 1 0  1 1 0  1 1 0  1 1 0  1 1 0  1 1 0  1 1 0  1 1 0  1 1 0  1 1 0  1 1 0  1 1 0  1 1 0  1 1 0  1 1 0  1 1 0  1 1 0  1 1 0  1 1 0  1 1 0  1 1 0  1 1 0  1 1 0  1 1 0  1 1 0  1 1 0  1 1 0  1 1 0  1 1 0  1 1 0  1 1 0  1 1 0  1 1 0  1 1 0  1 1 0  1 1 0  1 1 0  1 1 0  1 1 0  1 1 0  1 1 0  1 1 0  1 1 0  1 1 0  1 1 0  1 1 0  1 1 0  1 1 0  1 1 0  1 1 0  1 1 0  1 1 0  1 1 0  1 1 0  1 1 0  1 1 0  1 1 0  1 1 0  1 1 0  1 1 0  1 1 0  1 1 0  1 1 0  1 1 0  1 1 0  1 1 0  1 1 0  1 1 0  1 1 0  1 1 0  1 1 0  1 1 0  1 1 0  1 1 0  1 1 0  1 1 0  1 1 0  1 1 0  1 1 0  1 1 0  1 1 0  1 1 0  
1 1 0  1 1 0  1 1 0  1 1 0  1 1 0  1 1 0  1 1 0  1 1 0  1 1 0  1 1 0  1 1 0  1 1 0  1 1 0  1 1 0  1 1 0  1 1 0  1 1 0  1 1 0  1 1 0  1 1 0  1 1 0  1 1 0  1 1 0  1 1 0  1 1 0  1 1 0  1 1 0  1 1 0  1 1 0  1 1 0  1 1 0  1 1 0  1 1 0  1 0.935132 0  1 0.954768 0  1 1 0  1 1 0  1 1 0  1 1 0  1 1 0  1 1 0  1 1 0  1 1 0  1 1 0  1 1 0  1 1 0  1 1 0  1 1 0  1 1 0  1 1 0  1 1 0  1 1 0  1 1 0  1 1 0  1 1 0  1 1 0  1 1 0  1 1 0  1 1 0  1 1 0  1 1 0  1 1 0  1 1 0  1 1 0  1 1 0  1 1 0  1 1 0  1 1 0  1 1 0  1 1 0  1 1 0  1 1 0  1 1 0  1 1 0  1 1 0  1 1 0  1 1 0  1 1 0  1 1 0  1 1 0  1 1 0  1 1 0  1 1 0  1 1 0  1 1 0  1 1 0  1 1 0  1 1 0  1 1 0  1 1 0  1 1 0  1 1 0  1 1 0  1 1 0  1 1 0  1 1 0  1 1 0  1 1 0  1 1 0  1 1 0  
1 1 0  1 1 0  1 1 0  1 1 0  1 1 0  1 1 0  1 1 0  1 1 0  1 1 0  1 1 0  1 1 0  1 1 0  1 1 0  1 1 0  1 1 0  1 1 0  1 1 0  1 1 0  1 1 0  1 1 0  1 1 0  1 1 0  1 1 0  1 1 0  1 1 0  1 1 0  1 1 0  1 1 0  1 1 0  1 0.858063 0  1 0.767072 0  1 0.726949 0  1 0.707185 0  1 0.701616 0  1 0.708338 0  1 0.727389 0  1 0.760698 0  1 0.813926 0  1 0.909338 0  1 1 0  1 1 0  1 1 0  1 1 0  1 1 0  1 1 0  1 1 0  1 1 0  1 1 0  1 1 0  1 1 0  1 1 0  1 1 0  1 1 0  1 1 0  1 1 0  1 1 0  1 1 0  1 1 0  1 1 0  1 1 0  1 1 0  1 1 0  1 1 0  1 1 0  1 1 0  1 1 0  1 1 0  1 1 0  1 1 0  1 1 0  1 1 0  1 1 0  1 1 0  1 1 0  1 1 0  1 1 0  1 1 0  1 1 0  1 1 0  1 1 0  1 1 0  1 1 0  1 1 0  1 1 0  1 1 0  1 1 0  1 1 0  1 1 0  1 1 0  1 1 0  1 1 0  1 1 0  1 1 0  1 1 0  1 1 0  1 1 0  1 1 0  1 1 0  1 1 0  1 1 0  
1 1 0  1 1 0  1 1 0  1 1 0  1 1 0  1 1 0  1 1 0  1 1 0  1 1 0  1 1 0  1 1 0  1 1 0  1 1 0  1 1 0  1 1 0  1 1 0  1 1 0  1 1 0  1 1 0  1 1 0  1 1 0  1 1 0  1 1 0  1 1 0  1 1 0  1 1 0  1 1 0  1 1 0  1 0.74535 0  1 0.67575 0  1 0.634264 0  1 0.608582 0  1 0.594481 0  1 0.590126 0  1 0.594765 0  1 0.608344 0  1 0.631452 0  1 0.665531 0  1 0.713572 0  1 0.78253 0  1 0.897738 0  1 1 0  1 1 0  1 1 0  1 1 0  1 1 0  1 1 0  1 1 0  1 1 0  1 1 0  1 1 0  1 1 0  1 1 0  1 1 0  1 1 0  1 1 0  1 1 0  1 1 0  1 1 0  1 1 0  1 1 0  1 1 0  1 1 0  1 1 0  1 1 0  1 1 0  1 1 0  1 1 0  1 1 0  1 1 0  1 1 0  1 1 0  1 1 0  1 1 0  1 1 0  1 1 0  1 1 0  1 1 0  1 1 0  1 1 0  1 1 0  1 1 0  1 1 0  1 1 0  1 1 0  1 1 0  1 1 0  1 1 0  1 1 0  1 1 0  1 1 0  1 1 0  1 1 0  1 1 0  1 1 0  1 1 0  1 1 0  1 1 0  1 1 0  1 1 0  
1 1 0  1 1 0  1 1 0  1 1 0  1 1 0  1 1 0  1 1 0  1 1 0  1 1 0  1 1 0  1 1 0  1 1 0  1 1 0  1 1 0  1 1 0  1 1 0  1 1 0  1 1 0  1 1 0  1 1 0  1 1 0  1 1 0  1 1 0  1 1 0  1 1 0  1 1 0  1 1 0  1 0.701862 0  1 0.625718 0  1 0.577113 0  1 0.544095 0  1 0.522299 0  1 0.509663 0  1 0.505137 0  1 0.508243 0  1 0.518911 0  1 0.537425 0  1 0.564504 0  1 0.601476 0  1 0.650783 0  1 0.717365 0  1 0.81424 0  1 1 0  1 1 0  1 1 0  1 1 0  1 1 0  1 1 0  1 1 0  1 1 0  1 1 0  1 1 0  1 1 0  1 1 0  1 1 0  1 1 0  1 1 0  1 1 0  1 1 0  1 1 0  1 1 0  1 1 0  1 1 0  1 1 0  1 1 0  1 1 0  1 1 0  1 1 0  1 1 0  1 1 0  1 1 0  1 1 0  1 1 0  1 1 0  1 1 0  1 1 0  1 1 0  1 1 0  1 1 0  1 1 0  1 1 0  1 1 0  1 1 0  1 1 0  1 1 0  1 1 0  1 1 0  1 1 0  1 1 0  1 1 0  1 1 0  1 1 0  1 1 0  1 1 0  1 1 0  1 1 0  1 1 0  1 1 0  1 1 0  1 1 0  
1 1 0  1 1 0  1 1 0  1 1 0  1 1 0  1 1 0  1 1 0  1 1 0  1 1 0  1 1 0  1 1 0  1 1 0  1 1 0  1 1 0  1 1 0  1 1 0  1 1 0  1 1 0  1 1 0  1 1 0  1 1 0  1 1 0  1 1 0  1 1 0  1 1 0  1 1 0  1 0.695525 0  1 0.602678 0  1 0.543583 0  1 0.501915 0  1 0.472188 0  1 0.451831 0  1 0.439474 0  1 0.434369 0  1 0.436151 0  1 0.444739 0  1 0.4603 0  1 0.483276 0  1 0.514462 0  1 0.555203 0  1 0.60783 0  1 0.676803 0  1 0.772799 0  1 0.946565 0  1 1 0  1 1 0  1 1 0  1 1 0  1 1 0  1 1 0  1 1 0  1 1 0  1 1 0  1 1 0  1 1 0  1 1 0  1 1 0  1 1 0  1 1 0  1 1 0  1 1 0  1 1 0  1 1 0  1 1 0  1 1 0  1 1 0  1 1 0  1 1 0  1 1 0  1 1 0  1 1 0  1 1 0  1 1 0  1 1 0  1 1 0  1 1 0  1 1 0  1 1 0  1 1 0  1 1 0  1 1 0  1 1 0  1 1 0  1 1 0  1 1 0  1 1 0  1 1 0  1 1 0  1 1 0  1 1 0  1 1 0  1 1 0  1 1 0  1 1 0  1 1 0  1 1 0  1 1 0  1 1 0  1 1 0  1 1 0  
1 1 0  1 1 0  1 1 0  1 1 0  1 1 0  1 1 0  1 1 0  1 1 0  1 1 0  1 1 0  1 1 0  1 1 0  1 1 0  1 1 0  1 1 0  1 1 0  1 1 0  1 1 0  1 1 0  1 1 0  1 1 0  1 1 0  1 1 0  1 1 0  1 1 0  1 0.733762 0  1 0.605157 0  1 0.530814 0  1 0.478455 0  1 0.439876 0  1 0.411536 0  1 0.391583 0  1 0.378968 0  1 0.373093 0  1 0.373648 0  1 0.380545 0  1 0.393887 0  1 0.41398 0  1 0.441371 0  1 0.476952 0  1 0.522158 0  1 0.579422 0  1 0.65332 0  1 0.754603 0  1 0.930428 0  1 1 0  1 1 0  1 1 0  1 1 0  1 1 0  1 1 0  1 1 0  1 1 0  1 1 0  1 1 0  1 1 0  1 1 0  1 1 0  1 1 0  1 1 0  1 1 0  1 1 0  1 1 0  1 1 0  1 1 0  1 1 0  1 1 0  1 1 0  1 1 0  1 1 0  1 1 0  1 1 0  1 1 0  1 1 0  1 1 0  1 1 0  1 1 0  1 1 0  1 1 0  1 1 0  1 1 0  1 1 0  1 1 0  1 1 0  1 1 0  1 1 0  1 1 0  1 1 0  1 1 0  1 1 0  1 1 0  1 1 0  1 1 0  1 1 0  1 1 0  1 1 0  1 1 0  1 1 0  1 1 0  1 1 0  
1 1 0  1 1 0  1 1 0  1 1 0  1 1 0  1 1 0  1 1 0  1 1 0  1 1 0  1 1 0  1 1 0  1 1 0  1 1 0  1 1 0  1 1 0  1 1 0  1 1 0  1 1 0  1 1 0  1 1 0  1 1 0  1 1 0  1 1 0  1 1 0  1 1 0  1 0.639785 0  1 0.540066 0  1 0.473362 0  1 0.424163 0  1 0.386939 0  1 0.359012 0  1 0.338897 0  1 0.325714 0  1 0.318946 0  1 0.318315 0  1 0.323729 0  1 0.33525 0  1 0.353103 0  1 0.377696 0  1 0.409684 0  1 0.450078 0  1 0.500484 0  1 0.563611 0  1 0.644621 0  1 0.755976 0  1 0.961113 0  1 1 0  1 1 0  1 1 0  0.97562 1 0  0.979966 1 0  1 1 0  1 1 0  1 1 0  1 1 0  1 1 0  1 1 0  1 1 0  1 1 0  1 1 0  1 1 0  1 1 0  1 1 0  1 1 0  1 1 0  1 1 0  1 1 0  1 1 0  1 1 0  1 1 0  1 1 0  1 1 0  1 1 0  1 1 0  1 1 0  1 1 0  1 1 0  1 1 0  1 1 0  1 1 0  1 1 0  1 1 0  1 1 0  1 1 0  1 1 0  1 1 0  1 1 0  1 1 0  1 1 0  1 1 0  1 1 0  1 1 0  1 1 0  1 1 0  1 1 0  1 1 0  1 1 0  1 1 0  1 1 0  1 1 0  
1 1 0  1 1 0  1 1 0  1 1 0  1 1 0  1 1 0  1 1 0  1 1 0  1 1 0  1 1 0  1 1 0  1 1 0  1 1 0  1 1 0  1 1 0  1 1 0  1 1 0  1 1 0  1 1 0  1 1 0  1 1 0  1 1 0  1 1 0  1 1 0  1 0.742726 0  1 0.577739 0  1 0.488882 0  1 0.425765 0  1 0.377931 0  1 0.341075 0  1 0.312965 0  1 0.292316 0  1 0.278348 0  1 0.270592 0  1 0.268788 0  1 0.272834 0  1 0.282768 0  1 0.298761 0  1 0.321134 0  1 0.350399 0  1 0.387329 0  1 0.433104 0  1 0.489593 0  0.885076 1 0  0.847023 1 0  0.825751 1 0  0.81288 1 0  0.805737 1 0  0.803105 1 0  0.804369 1 0  0.809249 1 0  0.817706 1 0  0.829939 1 0  0.846474 1 0  0.868414 1 0  0.898263 1 0  0.944008 1 0  1 1 0  1 1 0  1 1 0  1 1 0  1 1 0  1 1 0  1 1 0  1 1 0  1 1 0  1 1 0  1 1 0  1 1 0  1 1 0  1 1 0  1 1 0  1 1 0  1 1 0  1 1 0  1 1 0  1 1 0  1 1 0  1 1 0  1 1 0  1 1 0  1 1 0  1 1 0  1 1 0  1 1 0  1 1 0  1 1 0  1 1 0  1 1 0  1 1 0  1 1 0  1 1 0  1 1 0  1 1 0  1 1 0  1 1 0  1 1 0  1 1 0  1 1 0  1 1 0  
1 1 0  1 1 0  1 1 0  1 1 0  1 1 0  1 1 0  1 1 0  1 1 0  1 1 0  1 1 0  1 1 0  1 1 0  1 1 0  1 1 0  1 1 0  1 1 0  1 1 0  1 1 0  1 1 0  1 1 0  1 1 0  1 1 0  1 1 0  1 1 0  1 0.667408 0  1 0.531561 0  1 0.447539 0  1 0.385876 0  1 0.338314 0  1 0.301163 0  1 0.272444 0  1 0.250984 0  1 0.236062 0  1 0.227232 0  1 0.224242 0  1 0.226984 0  1 0.235475 0  1 0.249849 0  1 0.270367 0  1 0.297447 0  0.86575 1 0  0.810687 1 0  0.779361 1 0  0.758259 1 0  0.743596 1 0  0.733664 1 0  0.727529 1 0  0.724631 1 0  0.724617 1 0  0.727272 1 0  0.73248 1 0  0.740208 1 0  0.750507 1 0  0.763523 1 0  0.779534 1 0  0.799016 1 0  0.822794 1 0  0.85243 1 0  0.891447 1 0  0.952601 1 0  1 1 0  1 1 0  1 1 0  1 1 0  1 1 0  1 1 0  1 1 0  1 1 0  1 1 0  1 1 0  1 1 0  1 1 0  1 1 0  1 1 0  1 1 0  1 1 0  1 1 0  1 1 0  1 1 0  1 1 0  1 1 0  1 1 0  1 1 0  1 1 0  1 1 0  1 1 0  1 1 0  1 1 0  1 1 0  1 1 0  1 1 0  1 1 0  1 1 0  1 1 0  1 1 0  1 1 0  1 1 0  1 1 0  1 1 0  1 1 0  
1 1 0  1 1 0  1 1 0  1 1 0  1 1 0  1 1 0  1 1 0  1 1 0  1 1 0  1 1 0  1 1 0  1 1 0  1 1 0  1 1 0  1 1 0  1 1 0  1 1 0  1 1 0  1 1 0  1 1 0  1 1 0  1 1 0  1 1 0  1 1 0  1 0.622187 0  1 0.496466 0  1 0.414161 0  1 0.352586 0  1 0.30451 0  1 0.266565 0  1 0.2369 0  1 0.2144 0  1 0.198371 0  1 0.188381 0  1 0.184177 0  1 0.185644 0  1 0.19278 0  1 0.205691 0  0.833885 1 0  0.775662 1 0  0.740506 1 0  0.715754 1 0  0.697581 1 0  0.684212 1 0  0.674651 1 0  0.66828 1 0  0.66469 1 0  0.663599 1 0  0.664818 1 0  0.668215 1 0  0.673717 1 0  0.681292 1 0  0.690956 1 0  0.702775 1 0  0.716876 1 0  0.733469 1 0  0.752885 1 0  0.775651 1 0  0.802645 1 0  0.835475 1 0  0.877663 1 0  0.941026 1 0  1 1 0  1 1 0  1 1 0  1 1 0  1 1 0  1 1 0  1 1 0  1 1 0  1 1 0  1 1 0  1 1 0  1 1 0  1 1 0  1 1 0  1 1 0  1 1 0  1 1 0  1 1 0  1 1 0  1 1 0  1 1 0  1 1 0  1 1 0  1 1 0  1 1 0  1 1 0  1 1 0  1 1 0  1 1 0  1 1 0  1 1 0  1 1 0  1 1 0  1 1 0  1 1 0  1 1 0  1 1 0  1 1 0  
1 1 0  1 1 0  1 1 0  1 1 0  1 1 0  1 1 0  1 1 0  1 1 0  1 1 0  1 1 0  1 1 0  1 1 0  1 1 0  1 1 0  1 1 0  1 1 0  1 1 0  1 1 0  1 1 0  1 1 0  1 1 0  1 1 0  1 1 0  1 1 0  1 0.593487 0  1 0.470491 0  1 0.387847 0  1 0.325324 0  1 0.276105 0  1 0.236944 0  1 0.206035 0  1 0.182285 0  1 0.165007 0  1 0.153766 0  1 0.148306 0  1 0.148499 0  0.845708 1 0  0.764289 1 0  0.720388 1 0  0.689685 1 0  0.666738 1 0  0.649222 1 0  0.635891 1 0  0.62598 1 0  0.618986 1 0  0.61456 1 0  0.61245 1 0  0.612474 1 0  0.614499 1 0  0.618431 1 0  0.624212 1 0  0.631812 1 0  0.641232 1 0  0.652505 1 0  0.665702 1 0  0.680942 1 0  0.698408 1 0  0.718374 1 0  0.741256 1 0  0.767711 1 0  0.798844 1 0  0.836755 1 0  0.886434 1 0  0.970439 1 0  1 1 0  1 1 0  1 1 0  1 1 0  1 1 0  1 1 0  1 1 0  1 1 0  1 1 0  1 1 0  1 1 0  1 1 0  1 1 0  1 1 0  1 1 0  1 1 0  1 1 0  1 1 0  1 1 0  1 1 0  1 1 0  1 1 0  1 1 0  1 1 0  1 1 0  1 1 0  1 1 0  1 1 0  1 1 0  1 1 0  1 1 0  1 1 0  1 1 0  1 1 0  1 1 0  1 1 0  
1 1 0  1 1 0  1 1 0  1 1 0  1 1 0  1 1 0  1 1 0  1 1 0  1 1 0  1 1 0  1 1 0  1 1 0  1 1 0  1 1 0  1 1 0  1 1 0  1 1 0  1 1 0  1 1 0  1 1 0  1 1 0  1 1 0  1 1 0  1 1 0  1 0.57791 0  1 0.452887 0  1 0.368235 0  1 0.303865 0  1 0.252932 0  1 0.212162 0  1 0.179731 0  1 0.154527 0  1 0.135853 0  1 0.123263 0  1 0.116489 0  0.780316 1 0  0.718586 1 0  0.678578 1 0  0.649088 1 0  0.626363 1 0  0.608589 1 0  0.594725 1 0  0.584107 1 0  0.576279 1 0  0.57092 1 0  0.567789 1 0  0.566706 1 0  0.567535 1 0  0.570173 1 0  0.574544 1 0  0.580597 1 0  0.588303 1 0  0.597655 1 0  0.60867 1 0  0.621391 1 0  0.635892 1 0  0.65229 1 0  0.670755 1 0  0.691537 1 0  0.715003 1 0  0.741714 1 0  0.772578 1 0  0.80921 1 0  0.855003 1 0  0.920216 1 0  1 1 0  1 1 0  1 1 0  1 1 0  1 1 0  1 1 0  1 1 0  1 1 0  1 1 0  1 1 0  1 1 0  1 1 0  1 1 0  1 1 0  1 1 0  1 1 0  1 1 0  1 1 0  1 1 0  1 1 0  1 1 0  1 1 0  1 1 0  1 1 0  1 1 0  1 1 0  1 1 0  1 1 0  1 1 0  1 1 0  1 1 0  1 1 0  1 1 0  1 1 0  1 1 0  
1 1 0  1 1 0  1 1 0  1 1 0  1 1 0  1 1 0  1 1 0  1 1 0  1 1 0  1 1 0  1 1 0  1 1 0  1 1 0  1 1 0  1 1 0  1 1 0  1 1 0  1 1 0  1 1 0  1 1 0  1 1 0  1 1 0  1 1 0  1 1 0  1 0.575027 0  1 0.443603 0  1 0.355337 0  1 0.288238 0  1 0.235023 0  1 0.192251 0  1 0.15801 0  1 0.131142 0  1 0.110916 0  1 0.0968661 0  0.74155 1 0  0.684506 1 0  0.645256 1 0  0.615545 1 0  0.592215 1 0  0.573653 1 0  0.5589 1 0  0.547331 1 0  0.538512 1 0  0.532127 1 0  0.52794 1 0  0.525769 1 0  0.525472 1 0  0.526938 1 0  0.530082 1 0  0.534837 1 0  0.541159 1 0  0.549017 1 0  0.5584 1 0  0.569314 1 0  0.581786 1 0  0.595865 1 0  0.611632 1 0  0.629201 1 0  0.648742 1 0  0.670493 1 0  0.694803 1 0  0.722192 1 0  0.753487 1 0  0.790109 1 0  0.834882 1 0  0.895288 1 0  1 1 0  1 1 0  1 1 0  1 1 0  1 1 0  1 1 0  1 1 0  1 1 0  1 1 0  1 1 0  1 1 0  1 1 0  1 1 0  1 1 0  1 1 0  1 1 0  1 1 0  1 1 0  1 1 0  1 1 0  1 1 0  1 1 0  1 1 0  1 1 0  1 1 0  1 1 0  1 1 0  1 1 0  1 1 0  1 1 0  1 1 0  1 1 0  1 1 0  1 1 0  
1 1 0  1 1 0  1 1 0  1 1 0  1 1 0  1 1 0  1 1 0  1 1 0  1 1 0  1 1 0  1 1 0  1 1 0  1 1 0  1 1 0  1 1 0  1 1 0  1 1 0  1 1 0  1 1 0  1 1 0  1 1 0  1 1 0  1 1 0  1 1 0  1 0.586568 0  1 0.443202 0  1 0.349489 0  1 0.278688 0  1 0.222578 0  1 0.177379 0  1 0.141019 0  1 0.112256 0  0.836365 1 0  0.715514 1 0  0.658581 1 0  0.618437 1 0  0.587611 1 0  0.56311 1 0  0.54337 1 0  0.527449 1 0  0.514728 1 0  0.504772 1 0  0.497265 1 0  0.491964 1 0  0.488682 1 0  0.487272 1 0  0.487615 1 0  0.489616 1 0  0.4932 1 0  0.498308 1 0  0.504897 1 0  0.512936 1 0  0.522411 1 0  0.533321 1 0  0.545682 1 0  0.559528 1 0  0.574915 1 0  0.591927 1 0  0.610686 1 0  0.631361 1 0  0.654193 1 0  0.679527 1 0  0.707878 1 0  0.740049 1 0  0.777406 1 0  0.822608 1 0  0.882368 1 0  0.999467 1 0  1 1 0  1 1 0  1 1 0  1 1 0  1 1 0  1 1 0  1 1 0  1 1 0  1 1 0  1 1 0  1 1 0  1 1 0  1 1 0  1 1 0  1 1 0  1 1 0  1 1 0  1 1 0  1 1 0  1 1 0  1 1 0  1 1 0  1 1 0  1 1 0  1 1 0  1 1 0  1 1 0  1 1 0  1 1 0  1 1 0  1 1 0  1 1 0  
1 1 0  1 1 0  1 1 0  1 1 0  1 1 0  1 1 0  1 1 0  1 1 0  1 1 0  1 1 0  1 1 0  1 1 0  1 1 0  1 1 0  1 1 0  1 1 0  1 1 0  1 1 0  1 1 0  1 1 0  1 1 0  1 1 0  1 1 0  1 1 0  1 0.617773 0  1 0.452942 0  1 0.351379 0  1 0.275695 0  1 0.215969 0  1 0.167854 0  1 0.129024 0  0.825602 1 0  0.699084 1 0  0.639482 1 0  0.59723 1 0  0.564581 1 0  0.538436 1 0  0.517178 1 0  0.499837 1 0  0.485772 1 0  0.474534 1 0  0.465795 1 0  0.459302 1 0  0.454861 1 0  0.452315 1 0  0.451537 1 0  0.452425 1 0  0.454893 1 0  0.458875 1 0  0.464314 1 0  0.471169 1 0  0.47941 1 0  0.489019 1 0  0.499991 1 0  0.512332 1 0  0.526067 1 0  0.541236 1 0  0.557903 1 0  0.576158 1 0  0.59613 1 0  0.617995 1 0  0.642004 1 0  0.668513 1 0  0.698052 1 0  0.731446 1 0  0.770101 1 0  0.816751 1 0  0.878311 1 0  0.999467 1 0  1 1 0  1 1 0  1 1 0  1 1 0  1 1 0  1 1 0  1 1 0  1 1 0  1 1 0  1 1 0  1 1 0  1 1 0  1 1 0  1 1 0  1 1 0  1 1 0  1 1 0  1 1 0  1 1 0  1 1 0  1 1 0  1 1 0  1 1 0  1 1 0  1 1 0  1 1 0  1 1 0  1 1 0  1 1 0  1 1 0  1 1 0  
1 1 0  1 1 0  1 1 0  1 1 0  1 1 0  1 1 0  1 1 0  1 1 0  1 1 0  1 1 0  1 1 0  1 1 0  1 1 0  1 1 0  1 1 0  1 1 0  1 1 0  1 1 0  1 1 0  1 1 0  1 1 0  1 1 0  1 1 0  1 1 0  1 0.687154 0  1 0.475197 0  1 0.362153 0  1 0.28001 0  1 0.215764 0  1 0.164138 0  1 0.12242 0  0.691715 1 0  0.626817 1 0  0.581306 1 0  0.546153 1 0  0.517905 1 0  0.494798 1 0  0.475783 1 0  0.460177 1 0  0.447501 1 0  0.437406 1 0  0.429626 1 0  0.423953 1 0  0.42022 1 0  0.418293 1 0  0.418059 1 0  0.419424 1 0  0.422314 1 0  0.426662 1 0  0.432419 1 0  0.439541 1 0  0.447999 1 0  0.457772 1 0  0.468851 1 0  0.481238 1 0  0.494948 1 0  0.510011 1 0  0.526475 1 0  0.544411 1 0  0.563918 1 0  0.585135 1 0  0.608251 1 0  0.633532 1 0  0.66136 1 0  0.6923 1 0  0.727242 1 0  0.767714 1 0  0.81675 1 0  0.882368 1 0  1 1 0  1 1 0  1 1 0  1 1 0  1 1 0  1 1 0  1 1 0  1 1 0  1 1 0  1 1 0  1 1 0  1 1 0  1 1 0  1 1 0  1 1 0  1 1 0  1 1 0  1 1 0  1 1 0  1 1 0  1 1 0  1 1 0  1 1 0  1 1 0  1 1 0  1 1 0  1 1 0  1 1 0  1 1 0  1 1 0  1 1 0  
1 1 0  1 1 0  1 1 0  1 1 0  1 1 0  1 1 0  1 1 0  1 1 0  1 1 0  1 1 0  1 1 0  1 1 0  1 1 0  1 1 0  1 1 0  1 1 0  1 1 0  1 1 0  1 1 0  1 1 0  1 1 0  1 1 0  1 1 0  1 1 0  1 1 0  1 0.514696 0  1 0.383684 0  1 0.29277 0  1 0.222782 0  1 0.166882 0  0.694524 1 0  0.620809 1 0  0.5707 1 0  0.532294 1 0  0.501449 1 0  0.476135 1 0  0.455175 1 0  0.437812 1 0  0.423525 1 0  0.411934 1 0  0.402752 1 0  0.395755 1 0  0.390764 1 0  0.387634 1 0  0.386241 1 0  0.386486 1 0  0.388282 1 0  0.391558 1 0  0.396252 1 0  0.402315 1 0  0.409705 1 0  0.418392 1 0  0.428352 1 0  0.439574 1 0  0.452054 1 0  0.465801 1 0  0.480838 1 0  0.497202 1 0  0.514948 1 0  0.534156 1 0  0.554937 1 0  0.577442 1 0  0.601877 1 0  0.628536 1 0  0.657837 1 0  0.690405 1 0  0.727242 1 0  0.770101 1 0  0.822608 1 0  0.895288 1 0  1 1 0  1 1 0  1 1 0  1 1 0  1 1 0  1 1 0  1 1 0  1 1 0  1 1 0  1 1 0  1 1 0  1 1 0  1 1 0  1 1 0  1 1 0  1 1 0  1 1 0  1 1 0  1 1 0  1 1 0  1 1 0  1 1 0  1 1 0  1 1 0  1 1 0  1 1 0  1 1 0  1 1 0  1 1 0  1 1 0  
1 1 0  1 1 0  1 1 0  1 1 0  1 1 0  1 1 0  1 1 0  1 1 0  1 1 0  1 1 0  1 1 0  1 1 0  1 1 0  1 1 0  1 1 0  1 1 0  1 1 0  1 1 0  1 1 0  1 1 0  1 1 0  1 1 0  1 1 0  1 1 0  1 1 0  1 0.583288 0  1 0.419199 0  1 0.315708 0  1 0.238197 0  0.71136 1 0  0.622321 1 0  0.565783 1 0  0.523195 1 0  0.48917 1 0  0.461239 1 0  0.438026 1 0  0.418665 1 0  0.402571 1 0  0.389322 1 0  0.378605 1 0  0.370172 1 0  0.363831 1 0  0.359422 1 0  0.356813 1 0  0.355893 1 0  0.356568 1 0  0.358759 1 0  0.362395 1 0  0.367419 1 0  0.373781 1 0  0.38144 1 0  0.390364 1 0  0.40053 1 0  0.41192 1 0  0.424531 1 0  0.438364 1 0  0.453435 1 0  0.469774 1 0  0.487426 1 0  0.506455 1 0  0.526951 1 0  0.549038 1 0  0.572886 1 0  0.598726 1 0  0.626885 1 0  0.657837 1 0  0.6923 1 0  0.731446 1 0  0.777406 1 0  0.834882 1 0  0.920216 1 0  1 1 0  1 1 0  1 1 0  1 1 0  1 1 0  1 1 0  1 1 0  1 1 0  1 1 0  1 1 0  1 1 0  1 1 0  1 1 0  1 1 0  1 1 0  1 1 0  1 1 0  1 1 0  1 1 0  1 1 0  1 1 0  1 1 0  1 1 0  1 1 0  1 1 0  1 1 0  1 1 0  1 1 0  1 1 0  
1 1 0  1 1 0  1 1 0  1 1 0  1 1 0  1 1 0  1 1 0  1 1 0  1 1 0  1 1 0  1 1 0  1 1 0  1 1 0  1 1 0  1 1 0  1 1 0  1 1 0  1 1 0  1 1 0  1 1 0  1 1 0  1 1 0  1 1 0  1 1 0  1 1 0  1 0.766273 0  1 0.475094 0  1 0.351626 0  0.757666 1 0  0.633232 1 0  0.567317 1 0  0.519275 1 0  0.481332 1 0  0.45029 1 0  0.424461 1 0  0.40282 1 0  0.384693 1 0  0.369601 1 0  0.35719 1 0  0.34719 1 0  0.339386 1 0  0.333604 1 0  0.329699 1 0  0.327551 1 0  0.327055 1 0  0.328124 1 0  0.330679 1 0  0.334656 1 0  0.339996 1 0  0.346652 1 0  0.354581 1 0  0.363751 1 0  0.374135 1 0  0.385717 1 0  0.398486 1 0  0.412442 1 0  0.427596 1 0  0.443969 1 0  0.461598 1 0  0.480536 1 0  0.50086 1 0  0.522672 1 0  0.546114 1 0  0.571377 1 0  0.598726 1 0  0.628536 1 0  0.66136 1 0  0.698052 1 0  0.740049 1 0  0.790109 1 0  0.855003 1 0  0.970438 1 0  1 1 0  1 1 0  1 1 0  1 1 0  1 1 0  1 1 0  1 1 0  1 1 0  1 1 0  1 1 0  1 1 0  1 1 0  1 1 0  1 1 0  1 1 0  1 1 0  1 1 0  1 1 0  1 1 0  1 1 0  1 1 0  1 1 0  1 1 0  1 1 0  1 1 0  1 1 0  1 1 0  1 1 0  
1 1 0  1 1 0  1 1 0  1 1 0  1 1 0  1 1 0  1 1 0  1 1 0  1 1 0  1 1 0  1 1 0  1 1 0  1 1 0  1 1 0  1 1 0  1 1 0  1 1 0  1 1 0  1 1 0  1 1 0  1 1 0  1 1 0  1 1 0  1 1 0  1 1 0  1 1 0  1 0.568652 0  1 0.405627 0  0.657786 1 0  0.576682 1 0  0.521249 1 0  0.478383 1 0  0.443597 1 0  0.414706 1 0  0.390451 1 0  0.370025 1 0  0.352871 1 0  0.338585 1 0  0.326862 1 0  0.317463 1 0  0.310193 1 0  0.304894 1 0  0.301433 1 0  0.299696 1 0  0.299586 1 0  0.301017 1 0  0.303915 1 0  0.308216 1 0  0.313863 1 0  0.320807 1 0  0.329007 1 0  0.338428 1 0  0.349044 1 0  0.360833 1 0  0.373784 1 0  0.387893 1 0  0.403166 1 0  0.419619 1 0  0.437283 1 0  0.456201 1 0  0.476438 1 0  0.498082 1 0  0.521254 1 0  0.546114 1 0  0.572886 1 0  0.601877 1 0  0.633532 1 0  0.668513 1 0  0.707878 1 0  0.753487 1 0  0.809209 1 0  0.886434 1 0  1 1 0  1 1 0  1 1 0  1 1 0  1 1 0  1 1 0  1 1 0  1 1 0  1 1 0  1 1 0  1 1 0  1 1 0  1 1 0  1 1 0  1 1 0  1 1 0  1 1 0  1 1 0  1 1 0  1 1 0  1 1 0  1 1 0  1 1 0  1 1 0  1 1 0  1 1 0  1 1 0  1 1 0  
1 1 0  1 1 0  1 1 0  1 1 0  1 1 0  1 1 0  1 1 0  1 1 0  1 1 0  1 1 0  1 1 0  1 1 0  1 1 0  1 1 0  1 1 0  1 1 0  1 1 0  1 1 0  1 1 0  1 1 0  1 1 0  1 1 0  1 1 0  1 1 0  1 1 0  1 1 0  1 1 0  0.709955 1 0  0.596493 1 0  0.530283 1 0  0.48101 1 0  0.441625 1 0  0.409105 1 0  0.381822 1 0  0.358777 1 0  0.339304 1 0  0.322929 1 0  0.309302 1 0  0.29815 1 0  0.289257 1 0  0.282446 1 0  0.27757 1 0  0.274503 1 0  0.273138 1 0  0.273381 1 0  0.275149 1 0  0.278371 1 0  0.282982 1 0  0.288927 1 0  0.296157 1 0  0.304628 1 0  0.314306 1 0  0.325161 1 0  0.337172 1 0  0.350324 1 0  0.364611 1 0  0.380033 1 0  0.396604 1 0  0.414347 1 0  0.4333 1 0  0.453518 1 0  0.475078 1 0  0.498082 1 0  0.522672 1 0  0.549038 1 0  0.577441 1 0  0.608251 1 0  0.642004 1 0  0.679527 1 0  0.722192 1 0  0.772578 1 0  0.836754 1 0  0.941024 1 0  1 1 0  1 1 0  1 1 0  1 1 0  1 1 0  1 1 0  1 1 0  1 1 0  1 1 0  1 1 0  1 1 0  1 1 0  1 1 0  1 1 0  1 1 0  1 1 0  1 1 0  1 1 0  1 1 0  1 1 0  1 1 0  1 1 0  1 1 0  1 1 0  1 1 0  1 1 0  1 1 0  
1 1 0  1 1 0  1 1 0  1 1 0  1 1 0  1 1 0  1 1 0  1 1 0  1 1 0  1 1 0  1 1 0  1 1 0  1 1 0  1 1 0  1 1 0  1 1 0  1 1 0  1 1 0  1 1 0  1 1 0  1 1 0  1 1 0  1 1 0  1 1 0  1 1 0  1 1 0  1 1 0  0.632745 1 0  0.548391 1 0  0.490273 1 0  0.445053 1 0  0.408141 1 0  0.377302 1 0  0.351245 1 0  0.329142 1 0  0.310425 1 0  0.29468 1 0  0.281594 1 0  0.270919 1 0  0.262457 1 0  0.256043 1 0  0.251538 1 0  0.248824 1 0  0.247797 1 0  0.248366 1 0  0.25045 1 0  0.253979 1 0  0.25889 1 0  0.265125 1 0  0.272635 1 0  0.281378 1 0  0.291316 1 0  0.30242 1 0  0.314664 1 0  0.328032 1 0  0.342516 1 0  0.358113 1 0  0.374831 1 0  0.392691 1 0  0.411724 1 0  0.431977 1 0  0.453518 1 0  0.476438 1 0  0.50086 1 0  0.526951 1 0  0.554937 1 0  0.585135 1 0  0.617995 1 0  0.654193 1 0  0.694803 1 0  0.741714 1 0  0.798843 1 0  0.877663 1 0  1 1 0  1 1 0  1 1 0  1 1 0  1 1 0  1 1 0  1 1 0  1 1 0  1 1 0  1 1 0  1 1 0  1 1 0  1 1 0  1 1 0  1 1 0  1 1 0  1 1 0  1 1 0  1 1 0  1 1 0  1 1 0  1 1 0  1 1 0  1 1 0  1 1 0  1 1 0  1 1 0  
1 1 0  1 1 0  1 1 0  1 1 0  1 1 0  1 1 0  1 1 0  1 1 0  1 1 0  1 1 0  1 1 0  1 1 0  1 1 0  1 1 0  1 1 0  1 1 0  1 1 0  1 1 0  1 1 0  1 1 0  1 1 0  1 1 0  1 1 0  1 1 0  1 1 0  1 1 0  0.70982 1 0  0.57957 1 0  0.507894 1 0  0.45488 1 0  0.412489 1 0  0.377391 1 0  0.347819 1 0  0.322705 1 0  0.301341 1 0  0.283227 1 0  0.267991 1 0  0.255349 1 0  0.245073 1 0  0.236978 1 0  0.230909 1 0  0.226733 1 0  0.224337 1 0  0.223618 1 0  0.224489 1 0  0.226871 1 0  0.230693 1 0  0.235891 1 0  0.24241 1 0  0.250198 1 0  0.259212 1 0  0.269413 1 0  0.28077 1 0  0.293257 1 0  0.306855 1 0  0.321551 1 0  0.337343 1 0  0.354235 1 0  0.372241 1 0  0.391391 1 0  0.411724 1 0  0.4333 1 0  0.456201 1 0  0.480536 1 0  0.506455 1 0  0.534156 1 0  0.563918 1 0  0.59613 1 0  0.631361 1 0  0.670493 1 0  0.715003 1 0  0.767711 1 0  0.835475 1 0  0.952599 1 0  1 1 0  1 1 0  1 1 0  1 1 0  1 1 0  1 1 0  1 1 0  1 1 0  1 1 0  1 1 0  1 1 0  1 1 0  1 1 0  1 1 0  1 1 0  1 1 0  1 1 0  1 1 0  1 1 0  1 1 0  1 1 0  1 1 0  1 1 0  1 1 0  1 1 0  1 1 0  
1 1 0  1 1 0  1 1 0  1 1 0  1 1 0  1 1 0  1 1 0  1 1 0  1 1 0  1 1 0  1 1 0  1 1 0  1 1 0  1 1 0  1 1 0  1 1 0  1 1 0  1 1 0  1 1 0  1 1 0  1 1 0  1 1 0  1 1 0  1 1 0  1 1 0  1 1 0  0.63465 1 0  0.53703 1 0  0.472673 1 0  0.423122 1 0  0.38277 1 0  0.349019 1 0  0.320409 1 0  0.296022 1 0  0.275233 1 0  0.257595 1 0  0.242769 1 0  0.230491 1 0  0.220549 1 0  0.212767 1 0  0.206997 1 0  0.203112 1 0  0.201001 1 0  0.200566 1 0  0.201718 1 0  0.20438 1 0  0.208481 1 0  0.213958 1 0  0.220753 1 0  0.228815 1 0  0.238099 1 0  0.248565 1 0  0.26018 1 0  0.272916 1 0  0.286754 1 0  0.301677 1 0  0.31768 1 0  0.334766 1 0  0.352945 1 0  0.372241 1 0  0.392691 1 0  0.414347 1 0  0.437283 1 0  0.461598 1 0  0.487426 1 0  0.514948 1 0  0.544411 1 0  0.576158 1 0  0.610686 1 0  0.648742 1 0  0.691537 1 0  0.741256 1 0  0.802645 1 0  0.891446 1 0  1 1 0  1 1 0  1 1 0  1 1 0  1 1 0  1 1 0  1 1 0  1 1 0  1 1 0  1 1 0  1 1 0  1 1 0  1 1 0  1 1 0  1 1 0  1 1 0  1 1 0  1 1 0  1 1 0  1 1 0  1 1 0  1 1 0  1 1 0  1 1 0  1 1 0  1 1 0  
1 1 0  1 1 0  1 1 0  1 1 0  1 1 0  1 1 0  1 1 0  1 1 0  1 1 0  1 1 0  1 1 0  1 1 0  1 1 0  1 1 0  1 1 0  1 1 0  1 1 0  1 1 0  1 1 0  1 1 0  1 1 0  1 1 0  1 1 0  1 1 0  1 1 0  1 1 0  0.584947 1 0  0.50116 1 0  0.441519 1 0  0.394403 1 0  0.355541 1 0  0.322792 1 0  0.294905 1 0  0.27107 1 0  0.250724 1 0  0.233457 1 0  0.218955 1 0  0.206972 1 0  0.197306 1 0  0.189789 1 0  0.184279 1 0  0.180651 1 0  0.178797 1 0  0.178621 1 0  0.180035 1 0  0.182961 1 0  0.187329 1 0  0.193074 1 0  0.200138 1 0  0.208469 1 0  0.218021 1 0  0.228753 1 0  0.240629 1 0  0.253621 1 0  0.267706 1 0  0.282867 1 0  0.299096 1 0  0.316393 1 0  0.334766 1 0  0.354234 1 0  0.374831 1 0  0.396604 1 0  0.419619 1 0  0.443969 1 0  0.469774 1 0  0.497202 1 0  0.526475 1 0  0.557903 1 0  0.591927 1 0  0.629201 1 0  0.670755 1 0  0.718374 1 0  0.775651 1 0  0.85243 1 0  1 1 0  1 1 0  1 1 0  1 1 0  1 1 0  1 1 0  1 1 0  1 1 0  1 1 0  1 1 0  1 1 0  1 1 0  1 1 0  1 1 0  1 1 0  1 1 0  1 1 0  1 1 0  1 1 0  1 1 0  1 1 0  1 1 0  1 1 0  1 1 0  1 1 0  1 1 0  
1 1 0  1 1 0  1 1 0  1 1 0  1 1 0  1 1 0  1 1 0  1 1 0  1 1 0  1 1 0  1 1 0  1 1 0  1 1 0  1 1 0  1 1 0  1 1 0  1 1 0  1 1 0  1 1 0  1 1 0  1 1 0  1 1 0  1 1 0  1 1 0  1 1 0  0.683801 1 0  0.546087 1 0  0.470174 1 0  0.413728 1 0  0.368349 1 0  0.330567 1 0  0.298551 1 0  0.271195 1 0  0.247767 1 0  0.227752 1 0  0.210766 1 0  0.196516 1 0  0.184766 1 0  0.175324 1 0  0.168029 1 0  0.162741 1 0  0.159339 1 0  0.157716 1 0  0.157777 1 0  0.159434 1 0  0.162609 1 0  0.167231 1 0  0.173234 1 0  0.180561 1 0  0.189157 1 0  0.198974 1 0  0.209971 1 0  0.22211 1 0  0.235362 1 0  0.2497 1 0  0.265108 1 0  0.281575 1 0  0.299097 1 0  0.31768 1 0  0.337343 1 0  0.358113 1 0  0.380033 1 0  0.403166 1 0  0.427596 1 0  0.453436 1 0  0.480838 1 0  0.510011 1 0  0.541236 1 0  0.574915 1 0  0.611631 1 0  0.65229 1 0  0.698408 1 0  0.752885 1 0  0.822794 1 0  0.944009 1 0  1 1 0  1 1 0  1 1 0  1 1 0  1 1 0  1 1 0  1 1 0  1 1 0  1 1 0  1 1 0  1 1 0  1 1 0  1 1 0  1 1 0  1 1 0  1 1 0  1 1 0  1 1 0  1 1 0  1 1 0  1 1 0  1 1 0  1 1 0  1 1 0  1 1 0  
1 1 0  1 1 0  1 1 0  1 1 0  1 1 0  1 1 0  1 1 0  1 1 0  1 1 0  1 1 0  1 1 0  1 1 0  1 1 0  1 1 0  1 1 0  1 1 0  1 1 0  1 1 0  1 1 0  1 1 0  1 1 0  1 1 0  1 1 0  1 1 0  1 1 0  0.626289 1 0  0.514069 1 0  0.443115 1 0  0.388871 1 0  0.344715 1 0  0.307697 1 0  0.276197 1 0  0.249212 1 0  0.226069 1 0  0.206285 1 0  0.189501 1 0  0.175436 1 0  0.163864 1 0  0.1546 1 0  0.147486 1 0  0.142387 1 0  0.139181 1 0  0.137764 1 0  0.13804 1 0  0.139922 1 0  0.143331 1 0  0.148194 1 0  0.154446 1 0  0.162027 1 0  0.170882 1 0  0.180961 1 0  0.192221 1 0  0.204624 1 0  0.218137 1 0  0.232734 1 0  0.248396 1 0  0.265108 1 0  0.282867 1 0  0.301677 1 0  0.321551 1 0  0.342515 1 0  0.364611 1 0  0.387893 1 0  0.412442 1 0  0.438364 1 0  0.465801 1 0  0.494948 1 0  0.526067 1 0  0.559528 1 0  0.595865 1 0  0.635892 1 0  0.680942 1 0  0.733468 1 0  0.799015 1 0  0.898263 1 0  1 1 0  1 1 0  1 1 0  1 1 0  1 1 0  1 1 0  1 1 0  1 1 0  1 1 0  1 1 0  1 1 0  1 1 0  1 1 0  1 1 0  1 1 0  1 1 0  1 1 0  1 1 0  1 1 0  1 1 0  1 1 0  1 1 0  1 1 0  1 1 0  1 1 0  
1 1 0  1 1 0  1 1 0  1 1 0  1 1 0  1 1 0  1 1 0  1 1 0  1 1 0  1 1 0  1 1 0  1 1 0  1 1 0  1 1 0  1 1 0  1 1 0  1 1 0  1 1 0  1 1 0  1 1 0  1 1 0  1 1 0  1 1 0  1 1 0  1 1 0  0.587434 1 0  0.487149 1 0  0.419429 1 0  0.366678 1 0  0.323351 1 0  0.286839 1 0  0.255672 1 0  0.22892 1 0  0.205953 1 0  0.186314 1 0  0.169659 1 0  0.155719 1 0  0.144274 1 0  0.135144 1 0  0.128174 1 0  0.12323 1 0  0.120193 1 0  0.118958 1 0  0.119428 1 0  0.121516 1 0  0.125143 1 0  0.130235 1 0  0.136725 1 0  0.144551 1 0  0.153658 1 0  0.163995 1 0  0.175515 1 0  0.18818 1 0  0.201956 1 0  0.216815 1 0  0.232734 1 0  0.2497 1 0  0.267706 1 0  0.286754 1 0  0.306855 1 0  0.328032 1 0  0.350325 1 0  0.373784 1 0  0.398486 1 0  0.424531 1 0  0.452054 1 0  0.481238 1 0  0.512332 1 0  0.545682 1 0  0.581786 1 0  0.621391 1 0  0.665702 1 0  0.716876 1 0  0.779534 1 0  0.868415 1 0  1 1 0  1 1 0  1 1 0  1 1 0  1 1 0  1 1 0  1 1 0  1 1 0  1 1 0  1 1 0  1 1 0  1 1 0  1 1 0  1 1 0  1 1 0  1 1 0  1 1 0  1 1 0  1 1 0  1 1 0  1 1 0  1 1 0  1 1 0  1 1 0  1 1 0  
1 1 0  1 1 0  1 1 0  1 1 0  1 1 0  1 1 0  1 1 0  1 1 0  1 1 0  1 1 0  1 1 0  1 1 0  1 1 0  1 1 0  1 1 0  1 1 0  1 1 0  1 1 0  1 1 0  1 1 0  1 1 0  1 1 0  1 1 0  1 1 0  1 1 0  0.557981 1 0  0.464424 1 0  0.398782 1 0  0.346987 1 0  0.304166 1 0  0.267943 1 0  0.23695 1 0  0.21031 1 0  0.187421 1 0  0.167847 1 0  0.151255 1 0  0.137383 1 0  0.126017 1 0  0.116979 1 0  0.110116 1 0  0.105296 1 0  0.1024 1 0  0.101322 1 0  0.101965 1 0  0.104242 1 0  0.108071 1 0  0.113377 1 0  0.120094 1 0  0.128156 1 0  0.137507 1 0  0.148095 1 0  0.159872 1 0  0.172798 1 0  0.186836 1 0  0.201956 1 0  0.218137 1 0  0.235362 1 0  0.253621 1 0  0.272916 1 0  0.293257 1 0  0.314664 1 0  0.337173 1 0  0.360833 1 0  0.385717 1 0  0.41192 1 0  0.439574 1 0  0.468851 1 0  0.49999 1 0  0.533322 1 0  0.569314 1 0  0.60867 1 0  0.652505 1 0  0.702775 1 0  0.763523 1 0  0.846474 1 0  1 1 0  1 1 0  1 1 0  1 1 0  1 1 0  1 1 0  1 1 0  1 1 0  1 1 0  1 1 0  1 1 0  1 1 0  1 1 0  1 1 0  1 1 0  1 1 0  1 1 0  1 1 0  1 1 0  1 1 0  1 1 0  1 1 0  1 1 0  1 1 0  1 1 0  
1 1 0  1 1 0  1 1 0  1 1 0  1 1 0  1 1 0  1 1 0  1 1 0  1 1 0  1 1 0  1 1 0  1 1 0  1 1 0  1 1 0  1 1 0  1 1 0  1 1 0  1 1 0  1 1 0  1 1 0  1 1 0  1 1 0  1 1 0  1 1 0  1 1 0  0.535075 1 0  0.4454 1 0  0.380982 1 0  0.329707 1 0  0.28712 1 0  0.250996 1 0  0.220033 1 0  0.193393 1 0  0.170493 1 0  0.15091 1 0  0.134317 1 0  0.120459 1 0  0.109125 1 0  0.100138 1 0  0.0933479 1 0  0.0886203 1 0  0.0858372 1 0  0.0848917 1 0  0.0856865 1 0  0.0881323 1 0  0.0921469 1 0  0.0976541 1 0  0.104584 1 0  0.112872 1 0  0.122459 1 0  0.13329 1 0  0.145318 1 0  0.1585 1 0  0.172797 1 0  0.18818 1 0  0.204624 1 0  0.22211 1 0  0.240629 1 0  0.26018 1 0  0.28077 1 0  0.30242 1 0  0.325161 1 0  0.349044 1 0  0.374135 1 0  0.40053 1 0  0.428352 1 0  0.457772 1 0  0.489019 1 0  0.522411 1 0  0.5584 1 0  0.597655 1 0  0.641232 1 0  0.690956 1 0  0.750506 1 0  0.829939 1 0  1 1 0  1 1 0  1 1 0  1 1 0  1 1 0  1 1 0  1 1 0  1 1 0  1 1 0  1 1 0  1 1 0  1 1 0  1 1 0  1 1 0  1 1 0  1 1 0  1 1 0  1 1 0  1 1 0  1 1 0  1 1 0  1 1 0  1 1 0  1 1 0  1 1 0  
1 1 0  1 1 0  1 1 0  1 1 0  1 1 0  1 1 0  1 1 0  1 1 0  1 1 0  1 1 0  1 1 0  1 1 0  1 1 0  1 1 0  1 1 0  1 1 0  1 1 0  1 1 0  1 1 0  1 1 0  1 1 0  1 1 0  1 1 0  1 1 0  1 1 0  0.517488 1 0  0.429808 1 0  0.365935 1 0  0.314806 1 0  0.27221 1 0  0.23601 1 0  0.204947 1 0  0.178202 1 0  0.155205 1 0  0.135541 1 0  0.118887 1 0  0.104991 1 0  0.093643 1 0  0.0846677 1 0  0.0779135 1 0  0.073247 1 0  0.0705486 1 0  0.0697107 1 0  0.0706348 1 0  0.0732298 1 0  0.0774119 1 0  0.0831041 1 0  0.0902339 1 0  0.0987352 1 0  0.108547 1 0  0.119614 1 0  0.131886 1 0  0.145318 1 0  0.159872 1 0  0.175515 1 0  0.192221 1 0  0.209971 1 0  0.228753 1 0  0.248565 1 0  0.269413 1 0  0.291316 1 0  0.314306 1 0  0.338428 1 0  0.363751 1 0  0.390364 1 0  0.418392 1 0  0.447999 1 0  0.47941 1 0  0.512936 1 0  0.549017 1 0  0.588303 1 0  0.631812 1 0  0.681292 1 0  0.740208 1 0  0.817706 1 0  1 1 0  1 1 0  1 1 0  1 1 0  1 1 0  1 1 0  1 1 0  1 1 0  1 1 0  1 1 0  1 1 0  1 1 0  1 1 0  1 1 0  1 1 0  1 1 0  1 1 0  1 1 0  1 1 0  1 1 0  1 1 0  1 1 0  1 1 0  1 1 0  1 1 0  
1 1 0  1 1 0  1 1 0  1 1 0  1 1 0  1 1 0  1 1 0  1 1 0  1 1 0  1 1 0  1 1 0  1 1 0  1 1 0  1 1 0  1 1 0  1 1 0  1 1 0  1 1 0  1 1 0  1 1 0  1 1 0  1 1 0  1 1 0  1 1 0  0.706603 1 0  0.504673 1 0  0.417536 1 0  0.353615 1 0  0.302293 1 0  0.259463 1 0  0.223025 1 0  0.191735 1 0  0.164784 1 0  0.141608 1 0  0.121793 1 0  0.105018 1 0  0.0910319 1 0  0.0796247 1 0  0.0706203 1 0  0.0638663 1 0  0.0592285 1 0  0.0565859 1 0  0.0558297 1 0  0.0568594 1 0  0.0595825 1 0  0.0639136 1 0  0.0697732 1 0  0.0770875 1 0  0.0857888 1 0  0.0958143 1 0  0.107107 1 0  0.119614 1 0  0.13329 1 0  0.148095 1 0  0.163994 1 0  0.180961 1 0  0.198974 1 0  0.218021 1 0  0.238098 1 0  0.259212 1 0  0.281378 1 0  0.304628 1 0  0.329007 1 0  0.354581 1 0  0.38144 1 0  0.409705 1 0  0.439541 1 0  0.471169 1 0  0.504897 1 0  0.541159 1 0  0.580597 1 0  0.624212 1 0  0.673717 1 0  0.73248 1 0  0.809249 1 0  0.979966 1 0  1 1 0  1 1 0  1 1 0  1 1 0  1 1 0  1 1 0  1 1 0  1 1 0  1 1 0  1 1 0  1 1 0  1 1 0  1 1 0  1 1 0  1 1 0  1 1 0  1 1 0  1 1 0  1 1 0  1 1 0  1 1 0  1 1 0  1 1 0  1 1 0  
1 1 0  1 1 0  1 1 0  1 1 0  1 1 0  1 1 0  1 1 0  1 1 0  1 1 0  1 1 0  1 1 0  1 1 0  1 1 0  1 1 0  1 1 0  1 1 0  1 1 0  1 1 0  1 1 0  1 1 0  1 1 0  1 1 0  1 1 0  1 1 0  0.699781 1 0  0.496462 1 0  0.408582 1 0  0.344059 1 0  0.29222 1 0  0.248937 1 0  0.212099 1 0  0.180459 1 0  0.153204 1 0  0.129766 1 0  0.10973 1 0  0.0927751 1 0  0.0786461 1 0  0.0671332 1 0  0.0580583 1 0  0.0512678 1 0  0.0466254 1 0  0.0440089 1 0  0.0433068 1 0  0.0444172 1 0  0.0472461 1 0  0.0517054 1 0  0.0577142 1 0  0.0651965 1 0  0.0740829 1 0  0.0843086 1 0  0.0958143 1 0  0.108547 1 0  0.122459 1 0  0.137507 1 0  0.153658 1 0  0.170882 1 0  0.189157 1 0  0.208469 1 0  0.228815 1 0  0.250198 1 0  0.272635 1 0  0.296157 1 0  0.320807 1 0  0.346652 1 0  0.373781 1 0  0.402315 1 0  0.432418 1 0  0.464314 1 0  0.498308 1 0  0.534837 1 0  0.574544 1 0  0.618431 1 0  0.668215 1 0  0.727272 1 0  0.804369 1 0  0.97562 1 0  1 1 0  1 1 0  1 1 0  1 1 0  1 1 0  1 1 0  1 1 0  1 1 0  1 1 0  1 1 0  1 1 0  1 1 0  1 1 0  1 1 0  1 1 0  1 1 0  1 1 0  1 1 0  1 1 0  1 1 0  1 1 0  1 1 0  1 1 0  1 1 0  
1 1 0  1 1 0  1 1 0  1 1 0  1 1 0  1 1 0  1 1 0  1 1 0  1 1 0  1 1 0  1 1 0  1 1 0  1 1 0  1 1 0  1 1 0  1 1 0  1 1 0  1 1 0  1 1 0  1 1 0  1 1 0  1 1 0  1 1 0  1 1 0  1 1 0  0.492971 1 0  0.403042 1 0  0.337355 1 0  0.284671 1 0  0.240714 1 0  0.203316 1 0  0.1712 1 0  0.14354 1 0  0.119757 1 0  0.0994296 1 0  0.0822328 1 0  0.0679077 1 0  0.0562414 1 0  0.0470539 1 0  0.0401883 1 0  0.0355067 1 0  0.0328842 1 0  0.0322073 1 0  0.0333724 1 0  0.0362824 1 0  0.0408478 1 0  0.0469855 1 0  0.0546178 1 0  0.0636724 1 0  0.0740829 1 0  0.085789 1 0  0.0987351 1 0  0.112872 1 0  0.128156 1 0  0.144551 1 0  0.162027 1 0  0.180561 1 0  0.200138 1 0  0.220753 1 0  0.24241 1 0  0.265125 1 0  0.288927 1 0  0.313863 1 0  0.339996 1 0  0.367419 1 0  0.396252 1 0  0.426662 1 0  0.458874 1 0  0.4932 1 0  0.530082 1 0  0.570173 1 0  0.614499 1 0  0.664817 1 0  0.724617 1 0  0.803105 1 0  1 1 0  1 1 0  1 1 0  1 1 0  1 1 0  1 1 0  1 1 0  1 1 0  1 1 0  1 1 0  1 1 0  1 1 0  1 1 0  1 1 0  1 1 0  1 1 0  1 1 0  1 1 0  1 1 0  1 1 0  1 1 0  1 1 0  1 1 0  1 1 0  1 1 0  
1 1 0  1 1 0  1 1 0  1 1 0  1 1 0  1 1 0  1 1 0  1 1 0  1 1 0  1 1 0  1 1 0  1 1 0  1 1 0  1 1 0  1 1 0  1 1 0  1 1 0  1 1 0  1 1 0  1 1 0  1 1 0  1 1 0  1 1 0  1 1 0  1 1 0  0.494609 1 0  0.401116 1 0  0.33365 1 0  0.279769 1 0  0.234904 1 0  0.196776 1 0  0.164056 1 0  0.135885 1 0  0.111671 1 0  0.0909789 1 0  0.0734767 1 0  0.0588995 1 0  0.0470308 1 0  0.0376856 1 0  0.030705 1 0  0.0259474 1 0  0.0232855 1 0  0.0226034 1 0  0.0237943 1 0  0.0267597 1 0  0.0314075 1 0  0.0376519 1 0  0.0454133 1 0  0.0546178 1 0  0.0651965 1 0  0.0770875 1 0  0.0902339 1 0  0.104584 1 0  0.120094 1 0  0.136725 1 0  0.154446 1 0  0.173234 1 0  0.193074 1 0  0.213958 1 0  0.235891 1 0  0.25889 1 0  0.282982 1 0  0.308216 1 0  0.334656 1 0  0.362395 1 0  0.391558 1 0  0.422314 1 0  0.454893 1 0  0.489616 1 0  0.526938 1 0  0.567535 1 0  0.612474 1 0  0.663599 1 0  0.72463 1 0  0.805737 1 0  1 1 0  1 1 0  1 1 0  1 1 0  1 1 0  1 1 0  1 1 0  1 1 0  1 1 0  1 1 0  1 1 0  1 1 0  1 1 0  1 1 0  1 1 0  1 1 0  1 1 0  1 1 0  1 1 0  1 1 0  1 1 0  1 1 0  1 1 0  1 1 0  1 1 0  
1 1 0  1 1 0  1 1 0  1 1 0  1 1 0  1 1 0  1 1 0  1 1 0  1 1 0  1 1 0  1 1 0  1 1 0  1 1 0  1 1 0  1 1 0  1 1 0  1 1 0  1 1 0  1 1 0  1 1 0  1 1 0  1 1 0  1 1 0  1 1 0  1 1 0  0.502191 1 0  0.403122 1 0  0.33315 1 0  0.277675 1 0  0.231646 1 0  0.192605 1 0  0.159139 1 0  0.130348 1 0  0.105611 1 0  0.0844765 1 0  0.0666023 1 0  0.0517149 1 0  0.0395911 1 0  0.0300416 1 0  0.0229034 1 0  0.0180306 1 0  0.0152939 1 0  0.0145735 1 0  0.01576 1 0  0.0187526 1 0  0.0234563 1 0  0.0297835 1 0  0.0376519 1 0  0.0469856 1 0  0.0577142 1 0  0.0697731 1 0  0.0831041 1 0  0.0976539 1 0  0.113377 1 0  0.130235 1 0  0.148194 1 0  0.167231 1 0  0.187329 1 0  0.208481 1 0  0.230693 1 0  0.253979 1 0  0.278371 1 0  0.303915 1 0  0.330679 1 0  0.358759 1 0  0.388282 1 0  0.419425 1 0  0.452424 1 0  0.487615 1 0  0.525472 1 0  0.566707 1 0  0.61245 1 0  0.664689 1 0  0.727529 1 0  0.81288 1 0  1 1 0  1 1 0  1 1 0  1 1 0  1 1 0  1 1 0  1 1 0  1 1 0  1 1 0  1 1 0  1 1 0  1 1 0  1 1 0  1 1 0  1 1 0  1 1 0  1 1 0  1 1 0  1 1 0  1 1 0  1 1 0  1 1 0  1 1 0  1 1 0  1 1 0  
1 1 0  1 1 0  1 1 0  1 1 0  1 1 0  1 1 0  1 1 0  1 1 0  1 1 0  1 1 0  1 1 0  1 1 0  1 1 0  1 1 0  1 1 0  1 1 0  1 1 0  1 1 0  1 1 0  1 1 0  1 1 0  1 1 0  1 1 0  1 1 0  1 1 0  0.51727 1 0  0.409542 1 0  0.33614 1 0  0.278599 1 0  0.23111 1 0  0.19095 1 0  0.156586 1 0  0.127053 1 0  0.101693 1 0  0.0800343 1 0  0.0617163 1 0  0.046456 1 0  0.0340215 1 0  0.0242178 1 0  0.016876 1 0  0.0118471 1 0  0.00899681 1 0  0.00820248 1 0  0.00935202 1 0  0.0123413 1 0  0.017073 1 0  0.0234563 1 0  0.0314076 1 0  0.040848 1 0  0.0517054 1 0  0.0639136 1 0  0.0774121 1 0  0.092147 1 0  0.108071 1 0  0.125143 1 0  0.143331 1 0  0.162609 1 0  0.182961 1 0  0.20438 1 0  0.226871 1 0  0.25045 1 0  0.275149 1 0  0.301016 1 0  0.328124 1 0  0.356568 1 0  0.386486 1 0  0.418058 1 0  0.451537 1 0  0.487273 1 0  0.525769 1 0  0.567789 1 0  0.61456 1 0  0.66828 1 0  0.733663 1 0  0.825751 1 0  1 1 0  1 1 0  1 1 0  1 1 0  1 1 0  1 1 0  1 1 0  1 1 0  1 1 0  1 1 0  1 1 0  1 1 0  1 1 0  1 1 0  1 1 0  1 1 0  1 1 0  1 1 0  1 1 0  1 1 0  1 1 0  1 1 0  1 1 0  1 1 0  1 1 0  
1 1 0  1 1 0  1 1 0  1 1 0  1 1 0  1 1 0  1 1 0  1 1 0  1 1 0  1 1 0  1 1 0  1 1 0  1 1 0  1 1 0  1 1 0  1 1 0  1 1 0  1 1 0  1 1 0  1 1 0  1 1 0  1 1 0  1 1 0  1 1 0  1 1 0  0.543185 1 0  0.421115 1 0  0.343008 1 0  0.282809 1 0  0.233508 1 0  0.19199 1 0  0.156552 1 0  0.126141 1 0  0.100051 1 0  0.0777755 1 0  0.058936 1 0  0.0432351 1 0  0.0304301 1 0  0.0203183 1 0  0.0127241 1 0  0.00749428 1 0  0.00448901 1 0  0.00358287 1 0  0.00466006 1 0  0.00761265 1 0  0.0123414 1 0  0.0187526 1 0  0.0267597 1 0  0.0362824 1 0  0.0472461 1 0  0.0595825 1 0  0.0732298 1 0  0.0881321 1 0  0.104242 1 0  0.121516 1 0  0.139922 1 0  0.159434 1 0  0.180035 1 0  0.201718 1 0  0.224489 1 0  0.248365 1 0  0.273381 1 0  0.299586 1 0  0.327055 1 0  0.355893 1 0  0.386241 1 0  0.418293 1 0  0.452315 1 0  0.488682 1 0  0.52794 1 0  0.57092 1 0  0.618986 1 0  0.674651 1 0  0.743596 1 0  0.847023 1 0  1 1 0  1 1 0  1 1 0  1 1 0  1 1 0  1 1 0  1 1 0  1 1 0  1 1 0  1 1 0  1 1 0  1 1 0  1 1 0  1 1 0  1 1 0  1 1 0  1 1 0  1 1 0  1 1 0  1 1 0  1 1 0  1 1 0  1 1 0  1 1 0  1 1 0  
1 1 0  1 1 0  1 1 0  1 1 0  1 1 0  1 1 0  1 1 0  1 1 0  1 1 0  1 1 0  1 1 0  1 1 0  1 1 0  1 1 0  1 1 0  1 1 0  1 1 0  1 1 0  1 1 0  1 1 0  1 1 0  1 1 0  1 1 0  1 1 0  1 1 0  0.590271 1 0  0.439035 1 0  0.354302 1 0  0.290655 1 0  0.2391 1 0  0.195937 1 0  0.15922 1 0  0.127777 1 0  0.100832 1 0  0.0778389 1 0  0.0583924 1 0  0.0421759 1 0  0.028935 1 0  0.0184559 1 0  0.010557 1 0  0.00507695 1 0  0.00187252 1 0  0.000813335 1 0  0.00177949 1 0  0.00465995 1 0  0.00935202 1 0  0.01576 1 0  0.0237944 1 0  0.0333724 1 0  0.0444173 1 0  0.0568592 1 0  0.0706347 1 0  0.0856865 1 0  0.101965 1 0  0.119428 1 0  0.13804 1 0  0.157777 1 0  0.17862 1 0  0.200566 1 0  0.223618 1 0  0.247797 1 0  0.273138 1 0  0.299696 1 0  0.327551 1 0  0.356813 1 0  0.387633 1 0  0.42022 1 0  0.454861 1 0  0.491964 1 0  0.532127 1 0  0.576279 1 0  0.625979 1 0  0.684212 1 0  0.758258 1 0  0.885075 1 0  1 1 0  1 1 0  1 1 0  1 1 0  1 1 0  1 1 0  1 1 0  1 1 0  1 1 0  1 1 0  1 1 0  1 1 0  1 1 0  1 1 0  1 1 0  1 1 0  1 1 0  1 1 0  1 1 0  1 1 0  1 1 0  1 1 0  1 1 0  1 1 0  1 1 0  
1 1 0  1 1 0  1 1 0  1 1 0  1 1 0  1 1 0  1 1 0  1 1 0  1 1 0  1 1 0  1 1 0  1 1 0  1 1 0  1 1 0  1 1 0  1 1 0  1 1 0  1 1 0  1 1 0  1 1 0  1 1 0  1 1 0  1 1 0  1 1 0  1 1 0  1 1 0  0.465447 1 0  0.370822 1 0  0.302604 1 0  0.248216 1 0  0.20305 1 0  0.164808 1 0  0.132148 1 0  0.104206 1 0  0.0803799 1 0  0.0602293 1 0  0.0434149 1 0  0.0296654 1 0  0.0187549 1 0  0.0104926 1 0  0.00470952 1 0  0.00125746 1 0  0 1 0  0.000813335 1 0  0.0035831 1 0  0.00820259 1 0  0.0145735 1 0  0.0226034 1 0  0.0322073 1 0  0.0433068 1 0  0.0558297 1 0  0.0697107 1 0  0.0848916 1 0  0.101322 1 0  0.118958 1 0  0.137765 1 0  0.157716 1 0  0.178797 1 0  0.201001 1 0  0.224336 1 0  0.248824 1 0  0.274503 1 0  0.301433 1 0  0.329699 1 0  0.359422 1 0  0.390764 1 0  0.423953 1 0  0.459302 1 0  0.497265 1 0  0.538512 1 0  0.584106 1 0  0.635891 1 0  0.69758 1 0  0.77936 1 0  1 1 0  1 1 0  1 1 0  1 1 0  1 1 0  1 1 0  1 1 0  1 1 0  1 1 0  1 1 0  1 1 0  1 1 0  1 1 0  1 1 0  1 1 0  1 1 0  1 1 0  1 1 0  1 1 0  1 1 0  1 1 0  1 1 0  1 1 0  1 1 0  1 1 0  1 1 0  
1 1 0  1 1 0  1 1 0  1 1 0  1 1 0  1 1 0  1 1 0  1 1 0  1 1 0  1 1 0  1 1 0  1 1 0  1 1 0  1 1 0  1 1 0  1 1 0  1 1 0  1 1 0  1 1 0  1 1 0  1 1 0  1 1 0  1 1 0  1 1 0  1 1 0  1 1 0  0.505043 1 0  0.393825 1 0  0.319307 1 0  0.261287 1 0  0.213651 1 0  0.173575 1 0  0.139477 1 0  0.110369 1 0  0.0855745 1 0  0.0646093 1 0  0.0471032 1 0  0.0327632 1 0  0.0213497 1 0  0.0126594 1 0  0.0065159 1 0  0.0027622 1 0  0.00125735 1 0  0.00187252 1 0  0.0044889 1 0  0.0089967 1 0  0.0152938 1 0  0.0232855 1 0  0.0328838 1 0  0.0440089 1 0  0.0565859 1 0  0.0705486 1 0  0.0858372 1 0  0.1024 1 0  0.120193 1 0  0.139181 1 0  0.159339 1 0  0.180651 1 0  0.203112 1 0  0.226733 1 0  0.251538 1 0  0.27757 1 0  0.304894 1 0  0.333604 1 0  0.363831 1 0  0.395755 1 0  0.429626 1 0  0.465795 1 0  0.504772 1 0  0.547331 1 0  0.594725 1 0  0.649222 1 0  0.715753 1 0  0.810686 1 0  1 1 0  1 1 0  1 1 0  1 1 0  1 1 0  1 1 0  1 1 0  1 1 0  1 1 0  1 1 0  1 1 0  1 1 0  1 1 0  1 1 0  1 1 0  1 1 0  1 1 0  1 1 0  1 1 0  1 1 0  1 1 0  1 1 0  1 1 0  1 1 0  1 1 0  1 1 0  
1 1 0  1 1 0  1 1 0  1 1 0  1 1 0  1 1 0  1 1 0  1 1 0  1 1 0  1 1 0  1 1 0  1 1 0  1 1 0  1 1 0  1 1 0  1 1 0  1 1 0  1 1 0  1 1 0  1 1 0  1 1 0  1 1 0  1 1 0  1 1 0  1 1 0  1 1 0  0.574455 1 0  0.425525 1 0  0.34173 1 0  0.278896 1 0  0.228154 1 0  0.185842 1 0  0.150029 1 0  0.119548 1 0  0.093626 1 0  0.0717159 1 0  0.053409 1 0  0.0383866 1 0  0.0263889 1 0  0.017199 1 0  0.0106298 1 0  0.0065159 1 0  0.00470952 1 0  0.00507695 1 0  0.00749406 1 0  0.0118469 1 0  0.0180307 1 0  0.0259471 1 0  0.0355064 1 0  0.0466254 1 0  0.0592282 1 0  0.0732468 1 0  0.0886203 1 0  0.105296 1 0  0.12323 1 0  0.142387 1 0  0.162741 1 0  0.184278 1 0  0.206997 1 0  0.230909 1 0  0.256043 1 0  0.282446 1 0  0.310193 1 0  0.339386 1 0  0.370172 1 0  0.402752 1 0  0.437406 1 0  0.474534 1 0  0.514728 1 0  0.5589 1 0  0.608589 1 0  0.666737 1 0  0.740506 1 0  0.865748 1 0  1 1 0  1 1 0  1 1 0  1 1 0  1 1 0  1 1 0  1 1 0  1 1 0  1 1 0  1 1 0  1 1 0  1 1 0  1 1 0  1 1 0  1 1 0  1 1 0  1 1 0  1 1 0  1 1 0  1 1 0  1 1 0  1 1 0  1 1 0  1 1 0  1 1 0  1 1 0  
1 1 0  1 1 0  1 1 0  1 1 0  1 1 0  1 1 0  1 1 0  1 1 0  1 1 0  1 1 0  1 1 0  1 1 0  1 1 0  1 1 0  1 1 0  1 1 0  1 1 0  1 1 0  1 1 0  1 1 0  1 1 0  1 1 0  1 1 0  1 1 0  1 1 0  1 1 0  1 1 0  0.470642 1 0  0.371427 1 0  0.301879 1 0  0.247111 1 0  0.20202 1 0  0.164131 1 0  0.132018 1 0  0.104771 1 0  0.0817602 1 0  0.0625254 1 0  0.0467122 1 0  0.0340378 1 0  0.0242668 1 0  0.017199 1 0  0.0126595 1 0  0.0104926 1 0  0.010557 1 0  0.0127242 1 0  0.016876 1 0  0.0229032 1 0  0.0307051 1 0  0.0401884 1 0  0.0512678 1 0  0.0638662 1 0  0.0779134 1 0  0.0933478 1 0  0.110116 1 0  0.128174 1 0  0.147486 1 0  0.168029 1 0  0.189789 1 0  0.212767 1 0  0.236978 1 0  0.262457 1 0  0.289257 1 0  0.317463 1 0  0.34719 1 0  0.378604 1 0  0.411933 1 0  0.447501 1 0  0.485772 1 0  0.527449 1 0  0.573653 1 0  0.626362 1 0  0.689684 1 0  0.775661 1 0  1 1 0  1 1 0  1 1 0  1 1 0  1 1 0  1 1 0  1 1 0  1 1 0  1 1 0  1 1 0  1 1 0  1 1 0  1 1 0  1 1 0  1 1 0  1 1 0  1 1 0  1 1 0  1 1 0  1 1 0  1 1 0  1 1 0  1 1 0  1 1 0  1 1 0  1 1 0  1 1 0  
1 1 0  1 1 0  1 1 0  1 1 0  1 1 0  1 1 0  1 1 0  1 1 0  1 1 0  1 1 0  1 1 0  1 1 0  1 1 0  1 1 0  1 1 0  1 1 0  1 1 0  1 1 0  1 1 0  1 1 0  1 1 0  1 1 0  1 1 0  1 1 0  1 1 0  1 1 0  1 1 0  0.54472 1 0  0.41126 1 0  0.331525 1 0  0.2713 1 0  0.222653 1 0  0.182198 1 0  0.148116 1 0  0.119296 1 0  0.0949923 1 0  0.0746752 1 0  0.0579438 1 0  0.0444838 1 0  0.0340377 1 0  0.0263888 1 0  0.0213497 1 0  0.018755 1 0  0.0184559 1 0  0.0203183 1 0  0.024218 1 0  0.0300417 1 0  0.0376858 1 0  0.0470537 1 0  0.0580585 1 0  0.0706201 1 0  0.0846677 1 0  0.100138 1 0  0.116979 1 0  0.135144 1 0  0.1546 1 0  0.175324 1 0  0.197306 1 0  0.220549 1 0  0.245073 1 0  0.270919 1 0  0.29815 1 0  0.326862 1 0  0.35719 1 0  0.389322 1 0  0.423524 1 0  0.460177 1 0  0.499837 1 0  0.54337 1 0  0.592215 1 0  0.649088 1 0  0.720388 1 0  0.833884 1 0  1 1 0  1 1 0  1 1 0  1 1 0  1 1 0  1 1 0  1 1 0  1 1 0  1 1 0  1 1 0  1 1 0  1 1 0  1 1 0  1 1 0  1 1 0  1 1 0  1 1 0  1 1 0  1 1 0  1 1 0  1 1 0  1 1 0  1 1 0  1 1 0  1 1 0  1 1 0  1 1 0  
1 1 0  1 1 0  1 1 0  1 1 0  1 1 0  1 1 0  1 1 0  1 1 0  1 1 0  1 1 0  1 1 0  1 1 0  1 1 0  1 1 0  1 1 0  1 1 0  1 1 0  1 1 0  1 1 0  1 1 0  1 1 0  1 1 0  1 1 0  1 1 0  1 1 0  1 1 0  1 1 0  1 1 0  0.467893 1 0  0.370055 1 0  0.301894 1 0  0.248499 1 0  0.204781 1 0  0.168273 1 0  0.137554 1 0  0.111714 1 0  0.0901234 1 0  0.0723188 1 0  0.0579438 1 0  0.0467123 1 0  0.0383866 1 0  0.0327632 1 0  0.0296654 1 0  0.028935 1 0  0.0304301 1 0  0.0340216 1 0  0.039591 1 0  0.0470308 1 0  0.0562416 1 0  0.0671332 1 0  0.0796246 1 0  0.0936429 1 0  0.109125 1 0  0.126016 1 0  0.144274 1 0  0.163864 1 0  0.184766 1 0  0.206972 1 0  0.230491 1 0  0.255349 1 0  0.281594 1 0  0.309302 1 0  0.338585 1 0  0.369601 1 0  0.402571 1 0  0.437812 1 0  0.475783 1 0  0.517178 1 0  0.56311 1 0  0.615545 1 0  0.678578 1 0  0.764289 1 0  1 1 0  1 1 0  1 1 0  1 1 0  1 1 0  1 1 0  1 1 0  1 1 0  1 1 0  1 1 0  1 1 0  1 1 0  1 1 0  1 1 0  1 1 0  1 1 0  1 1 0  1 1 0  1 1 0  1 1 0  1 1 0  1 1 0  1 1 0  1 1 0  1 1 0  1 1 0  1 1 0  1 1 0  
1 1 0  1 1 0  1 1 0  1 1 0  1 1 0  1 1 0  1 1 0  1 1 0  1 1 0  1 1 0  1 1 0  1 1 0  1 1 0  1 1 0  1 1 0  1 1 0  1 1 0  1 1 0  1 1 0  1 1 0  1 1 0  1 1 0  1 1 0  1 1 0  1 1 0  1 1 0  1 1 0  1 1 0  0.571022 1 0  0.42204 1 0  0.340856 1 0  0.280701 1 0  0.232656 1 0  0.193065 1 0  0.160003 1 0  0.132305 1 0  0.109195 1 0  0.0901234 1 0  0.0746752 1 0  0.0625253 1 0  0.053409 1 0  0.0471028 1 0  0.0434149 1 0  0.0421759 1 0  0.0432351 1 0  0.0464557 1 0  0.051715 1 0  0.0588996 1 0  0.0679077 1 0  0.0786461 1 0  0.0910317 1 0  0.104991 1 0  0.120459 1 0  0.137382 1 0  0.155718 1 0  0.175436 1 0  0.196516 1 0  0.218955 1 0  0.242769 1 0  0.267991 1 0  0.29468 1 0  0.32293 1 0  0.352871 1 0  0.384693 1 0  0.418665 1 0  0.455175 1 0  0.494798 1 0  0.538435 1 0  0.587611 1 0  0.645256 1 0  0.718585 1 0  0.845707 1 0  1 1 0  1 1 0  1 1 0  1 1 0  1 1 0  1 1 0  1 1 0  1 1 0  1 1 0  1 1 0  1 1 0  1 1 0  1 1 0  1 1 0  1 1 0  1 1 0  1 1 0  1 1 0  1 1 0  1 1 0  1 1 0  1 1 0  1 1 0  1 1 0  1 1 0  1 1 0  1 1 0  1 1 0  
1 1 0  1 1 0  1 1 0  1 1 0  1 1 0  1 1 0  1 1 0  1 1 0  1 1 0  1 1 0  1 1 0  1 1 0  1 1 0  1 1 0  1 1 0  1 1 0  1 1 0  1 1 0  1 1 0  1 1 0  1 1 0  1 1 0  1 1 0  1 1 0  1 1 0  1 1 0  1 1 0  1 1 0  1 1 0  0.501099 1 0  0.392003 1 0  0.321138 1 0  0.266983 1 0  0.223306 1 0  0.187261 1 0  0.15726 1 0  0.132305 1 0  0.111714 1 0  0.0949922 1 0  0.0817602 1 0  0.0717157 1 0  0.0646094 1 0  0.0602293 1 0  0.0583923 1 0  0.0589361 1 0  0.0617162 1 0  0.0666023 1 0  0.0734767 1 0  0.0822328 1 0  0.092775 1 0  0.105018 1 0  0.118887 1 0  0.134317 1 0  0.151255 1 0  0.169659 1 0  0.189501 1 0  0.210766 1 0  0.233456 1 0  0.257595 1 0  0.283226 1 0  0.310425 1 0  0.339304 1 0  0.370025 1 0  0.40282 1 0  0.438026 1 0  0.476134 1 0  0.517905 1 0  0.564581 1 0  0.618436 1 0  0.684506 1 0  0.780315 1 0  1 1 0  1 1 0  1 1 0  1 1 0  1 1 0  1 1 0  1 1 0  1 1 0  1 1 0  1 1 0  1 1 0  1 1 0  1 1 0  1 1 0  1 1 0  1 1 0  1 1 0  1 1 0  1 1 0  1 1 0  1 1 0  1 1 0  1 1 0  1 1 0  1 1 0  1 1 0  1 1 0  1 1 0  1 1 0  
1 1 0  1 1 0  1 1 0  1 1 0  1 1 0  1 1 0  1 1 0  1 1 0  1 1 0  1 1 0  1 1 0  1 1 0  1 1 0  1 1 0  1 1 0  1 1 0  1 1 0  1 1 0  1 1 0  1 1 0  1 1 0  1 1 0  1 1 0  1 1 0  1 1 0  1 1 0  1 1 0  1 1 0  1 1 0  1 1 0  0.465305 1 0  0.373403 1 0  0.309687 1 0  0.260235 1 0  0.220214 1 0  0.187261 1 0  0.160003 1 0  0.137554 1 0  0.119296 1 0  0.104771 1 0  0.0936258 1 0  0.0855747 1 0  0.0803799 1 0  0.0778389 1 0  0.0777755 1 0  0.0800342 1 0  0.0844766 1 0  0.0909789 1 0  0.0994296 1 0  0.10973 1 0  0.121792 1 0  0.13554 1 0  0.150909 1 0  0.167847 1 0  0.186314 1 0  0.206285 1 0  0.227752 1 0  0.250724 1 0  0.275233 1 0  0.301341 1 0  0.329142 1 0  0.358777 1 0  0.390451 1 0  0.42446 1 0  0.461239 1 0  0.501449 1 0  0.546152 1 0  0.59723 1 0  0.658581 1 0  0.74155 1 0  1 1 0  1 1 0  1 1 0  1 1 0  1 1 0  1 1 0  1 1 0  1 1 0  1 1 0  1 1 0  1 1 0  1 1 0  1 1 0  1 1 0  1 1 0  1 1 0  1 1 0  1 1 0  1 1 0  1 1 0  1 1 0  1 1 0  1 1 0  1 1 0  1 1 0  1 1 0  1 1 0  1 1 0  1 1 0  1 1 0  
1 1 0  1 1 0  1 1 0  1 1 0  1 1 0  1 1 0  1 1 0  1 1 0  1 1 0  1 1 0  1 1 0  1 1 0  1 1 0  1 1 0  1 1 0  1 1 0  1 1 0  1 1 0  1 1 0  1 1 0  1 1 0  1 1 0  1 1 0  1 1 0  1 1 0  1 1 0  1 1 0  1 1 0  1 1 0  1 1 0  1 1 0  0.446444 1 0  0.364449 1 0  0.305927 1 0  0.260235 1 0  0.223306 1 0  0.193065 1 0  0.168273 1 0  0.148116 1 0  0.132018 1 0  0.119548 1 0  0.110368 1 0  0.104206 1 0  0.100832 1 0  0.100051 1 0  0.101693 1 0  0.10561 1 0  0.111671 1 0  0.119757 1 0  0.129766 1 0  0.141608 1 0  0.155205 1 0  0.170493 1 0  0.187421 1 0  0.205953 1 0  0.226069 1 0  0.247767 1 0  0.271069 1 0  0.296022 1 0  0.322705 1 0  0.351244 1 0  0.381822 1 0  0.414706 1 0  0.45029 1 0  0.489169 1 0  0.532293 1 0  0.581305 1 0  0.639482 1 0  0.715513 1 0  1 1 0  1 1 0  1 1 0  1 1 0  1 1 0  1 1 0  1 1 0  1 1 0  1 1 0  1 1 0  1 1 0  1 1 0  1 1 0  1 1 0  1 1 0  1 1 0  1 1 0  1 1 0  1 1 0  1 1 0  1 1 0  1 1 0  1 1 0  1 1 0  1 1 0  1 1 0  1 1 0  1 1 0  1 1 0  1 1 0  1 1 0  
1 1 0  1 1 0  1 1 0  1 1 0  1 1 0  1 1 0  1 1 0  1 1 0  1 1 0  1 1 0  1 1 0  1 1 0  1 1 0  1 1 0  1 1 0  1 1 0  1 1 0  1 1 0  1 1 0  1 1 0  1 1 0  1 1 0  1 1 0  1 1 0  1 1 0  1 1 0  1 1 0  1 1 0  1 1 0  1 1 0  1 1 0  0.596772 1 0  0.440478 1 0  0.364448 1 0  0.309687 1 0  0.266983 1 0  0.232655 1 0  0.204781 1 0  0.182197 1 0  0.164131 1 0  0.150029 1 0  0.139477 1 0  0.132148 1 0  0.127776 1 0  0.126141 1 0  0.127052 1 0  0.130348 1 0  0.135885 1 0  0.143539 1 0  0.153203 1 0  0.164784 1 0  0.178201 1 0  0.193392 1 0  0.210309 1 0  0.22892 1 0  0.249212 1 0  0.271195 1 0  0.294905 1 0  0.320409 1 0  0.347819 1 0  0.377302 1 0  0.409105 1 0  0.443597 1 0  0.481332 1 0  0.523195 1 0  0.5707 1 0  0.626816 1 0  0.699083 1 0  0.836365 1 0  1 1 0  1 1 0  1 1 0  1 1 0  1 1 0  1 1 0  1 1 0  1 1 0  1 1 0  1 1 0  1 1 0  1 1 0  1 1 0  1 1 0  1 1 0  1 1 0  1 1 0  1 1 0  1 1 0  1 1 0  1 1 0  1 1 0  1 1 0  1 1 0  1 1 0  1 1 0  1 1 0  1 1 0  1 1 0  1 1 0  1 1 0  
1 1 0  1 1 0  1 1 0  1 1 0  1 1 0  1 1 0  1 1 0  1 1 0  1 1 0  1 1 0  1 1 0  1 1 0  1 1 0  1 1 0  1 1 0  1 1 0  1 1 0  1 1 0  1 1 0  1 1 0  1 1 0  1 1 0  1 1 0  1 1 0  1 1 0  1 1 0  1 1 0  1 1 0  1 1 0  1 1 0  1 1 0  1 1 0  0.596772 1 0  0.446445 1 0  0.373403 1 0  0.321139 1 0  0.280701 1 0  0.248499 1 0  0.222653 1 0  0.202021 1 0  0.185842 1 0  0.173575 1 0  0.164808 1 0  0.15922 1 0  0.156552 1 0  0.156586 1 0  0.159139 1 0  0.164056 1 0  0.1712 1 0  0.180459 1 0  0.191734 1 0  0.204946 1 0  0.220033 1 0  0.236949 1 0  0.255671 1 0  0.276197 1 0  0.298551 1 0  0.322792 1 0  0.349019 1 0  0.377391 1 0  0.408141 1 0  0.441625 1 0  0.478383 1 0  0.519275 1 0  0.565783 1 0  0.620808 1 0  0.691714 1 0  0.825602 1 0  1 1 0  1 1 0  1 1 0  1 1 0  1 1 0  1 1 0  1 1 0  1 1 0  1 1 0  1 1 0  1 1 0  1 1 0  1 1 0  1 1 0  1 1 0  1 1 0  1 1 0  1 1 0  1 1 0  1 1 0  1 1 0  1 1 0  1 1 0  1 1 0  1 1 0  1 1 0  1 1 0  1 1 0  1 1 0  1 1 0  1 1 0  1 1 0  
1 1 0  1 1 0  1 1 0  1 1 0  1 1 0  1 1 0  1 1 0  1 1 0  1 1 0  1 1 0  1 1 0  1 1 0  1 1 0  1 1 0  1 1 0  1 1 0  1 1 0  1 1 0  1 1 0  1 1 0  1 1 0  1 1 0  1 1 0  1 1 0  1 1 0  1 1 0  1 1 0  1 1 0  1 1 0  1 1 0  1 1 0  1 1 0  1 1 0  1 1 0  0.465305 1 0  0.392003 1 0  0.340856 1 0  0.301894 1 0  0.271299 1 0  0.247111 1 0  0.228154 1 0  0.213651 1 0  0.20305 1 0  0.195937 1 0  0.19199 1 0  0.19095 1 0  0.192605 1 0  0.196776 1 0  0.203316 1 0  0.212099 1 0  0.223024 1 0  0.23601 1 0  0.250995 1 0  0.267943 1 0  0.286839 1 0  0.307697 1 0  0.330566 1 0  0.355541 1 0  0.38277 1 0  0.412489 1 0  0.445053 1 0  0.48101 1 0  0.521249 1 0  0.567317 1 0  0.622321 1 0  0.694524 1 0  1 1 0  1 1 0  1 1 0  1 1 0  1 1 0  1 1 0  1 1 0  1 1 0  1 1 0  1 1 0  1 1 0  1 1 0  1 1 0  1 1 0  1 1 0  1 1 0  1 1 0  1 1 0  1 1 0  1 1 0  1 1 0  1 1 0  1 1 0  1 1 0  1 1 0  1 1 0  1 1 0  1 1 0  1 1 0  1 1 0  1 1 0  1 1 0  1 1 0  1 1 0  
1 1 0  1 1 0  1 1 0  1 1 0  1 1 0  1 1 0  1 1 0  1 1 0  1 1 0  1 1 0  1 1 0  1 1 0  1 1 0  1 1 0  1 1 0  1 1 0  1 1 0  1 1 0  1 1 0  1 1 0  1 1 0  1 1 0  1 1 0  1 1 0  1 1 0  1 1 0  1 1 0  1 1 0  1 1 0  1 1 0  1 1 0  1 1 0  1 1 0  1 1 0  1 1 0  0.501098 1 0  0.42204 1 0  0.370055 1 0  0.331525 1 0  0.301879 1 0  0.278896 1 0  0.261287 1 0  0.248216 1 0  0.2391 1 0  0.233508 1 0  0.23111 1 0  0.231646 1 0  0.234904 1 0  0.240714 1 0  0.248936 1 0  0.259463 1 0  0.27221 1 0  0.28712 1 0  0.304166 1 0  0.32335 1 0  0.344715 1 0  0.368348 1 0  0.394403 1 0  0.423121 1 0  0.45488 1 0  0.490273 1 0  0.530283 1 0  0.576682 1 0  0.633231 1 0  0.711359 1 0  1 1 0  1 1 0  1 1 0  1 1 0  1 1 0  1 1 0  1 1 0  1 1 0  1 1 0  1 1 0  1 1 0  1 1 0  1 1 0  1 1 0  1 1 0  1 1 0  1 1 0  1 1 0  1 1 0  1 1 0  1 1 0  1 1 0  1 1 0  1 1 0  1 1 0  1 1 0  1 1 0  1 1 0  1 1 0  1 1 0  1 1 0  1 1 0  1 1 0  1 1 0  1 1 0  
1 1 0  1 1 0  1 1 0  1 1 0  1 1 0  1 1 0  1 1 0  1 1 0  1 1 0  1 1 0  1 1 0  1 1 0  1 1 0  1 1 0  1 1 0  1 1 0  1 1 0  1 1 0  1 1 0  1 1 0  1 1 0  1 1 0  1 1 0  1 1 0  1 1 0  1 1 0  1 1 0  1 1 0  1 1 0  1 1 0  1 1 0  1 1 0  1 1 0  1 1 0  1 1 0  1 1 0  0.571021 1 0  0.467893 1 0  0.41126 1 0  0.371427 1 0  0.34173 1 0  0.319307 1 0  0.302603 1 0  0.290654 1 0  0.282809 1 0  0.278599 1 0  0.277675 1 0  0.279769 1 0  0.284671 1 0  0.29222 1 0  0.302293 1 0  0.314806 1 0  0.329707 1 0  0.346987 1 0  0.366678 1 0  0.388871 1 0  0.413728 1 0  0.441519 1 0  0.472673 1 0  0.507894 1 0  0.548391 1 0  0.596492 1 0  0.657786 1 0  0.757665 1 0  1 1 0  1 1 0  1 1 0  1 1 0  1 1 0  1 1 0  1 1 0  1 1 0  1 1 0  1 1 0  1 1 0  1 1 0  1 1 0  1 1 0  1 1 0  1 1 0  1 1 0  1 1 0  1 1 0  1 1 0  1 1 0  1 1 0  1 1 0  1 1 0  1 1 0  1 1 0  1 1 0  1 1 0  1 1 0  1 1 0  1 1 0  1 1 0  1 1 0  1 1 0  1 1 0  1 1 0  
1 1 0  1 1 0  1 1 0  1 1 0  1 1 0  1 1 0  1 1 0  1 1 0  1 1 0  1 1 0  1 1 0  1 1 0  1 1 0  1 1 0  1 1 0  1 1 0  1 1 0  1 1 0  1 1 0  1 1 0  1 1 0  1 1 0  1 1 0  1 1 0  1 1 0  1 1 0  1 1 0  1 1 0  1 1 0  1 1 0  1 1 0  1 1 0  1 1 0  1 1 0  1 1 0  1 1 0  1 1 0  1 1 0  0.544718 1 0  0.470642 1 0  0.425525 1 0  0.393825 1 0  0.370821 1 0  0.354302 1 0  0.343008 1 0  0.336139 1 0  0.33315 1 0  0.33365 1 0  0.337355 1 0  0.344058 1 0  0.353615 1 0  0.365935 1 0  0.380982 1 0  0.398781 1 0  0.419428 1 0  0.443115 1 0  0.470173 1 0  0.501159 1 0  0.537029 1 0  0.57957 1 0  0.632744 1 0  0.709953 1 0  1 1 0  1 1 0  1 1 0  1 1 0  1 1 0  1 1 0  1 1 0  1 1 0  1 1 0  1 1 0  1 1 0  1 1 0  1 1 0  1 1 0  1 1 0  1 1 0  1 1 0  1 1 0  1 1 0  1 1 0  1 1 0  1 1 0  1 1 0  1 1 0  1 1 0  1 1 0  1 1 0  1 1 0  1 1 0  1 1 0  1 1 0  1 1 0  1 1 0  1 1 0  1 1 0  1 1 0  1 1 0  1 1 0  
1 1 0  1 1 0  1 1 0  1 1 0  1 1 0  1 1 0  1 1 0  1 1 0  1 1 0  1 1 0  1 1 0  1 1 0  1 1 0  1 1 0  1 1 0  1 1 0  1 1 0  1 1 0  1 1 0  1 1 0  1 1 0  1 1 0  1 1 0  1 1 0  1 1 0  1 1 0  1 1 0  1 1 0  1 1 0  1 1 0  1 1 0  1 1 0  1 1 0  1 1 0  1 1 0  1 1 0  1 1 0  1 1 0  1 1 0  1 1 0  0.574453 1 0  0.505042 1 0  0.465447 1 0  0.439034 1 0  0.421114 1 0  0.409541 1 0  0.403121 1 0  0.401115 1 0  0.403042 1 0  0.408581 1 0  0.417536 1 0  0.429808 1 0  0.445399 1 0  0.464424 1 0  0.487148 1 0  0.514069 1 0  0.546086 1 0  0.584946 1 0  0.634649 1 0  0.709818 1 0  1 1 0  1 1 0  1 1 0  1 1 0  1 1 0  1 1 0  1 1 0  1 1 0  1 1 0  1 1 0  1 1 0  1 1 0  1 1 0  1 1 0  1 1 0  1 1 0  1 1 0  1 1 0  1 1 0  1 1 0  1 1 0  1 1 0  1 1 0  1 1 0  1 1 0  1 1 0  1 1 0  1 1 0  1 1 0  1 1 0  1 1 0  1 1 0  1 1 0  1 1 0  1 1 0  1 1 0  1 1 0  1 1 0  1 1 0  1 1 0  
1 1 0  1 1 0  1 1 0  1 1 0  1 1 0  1 1 0  1 1 0  1 1 0  1 1 0  1 1 0  1 1 0  1 1 0  1 1 0  1 1 0  1 1 0  1 1 0  1 1 0  1 1 0  1 1 0  1 1 0  1 1 0  1 1 0  1 1 0  1 1 0  1 1 0  1 1 0  1 1 0  1 1 0  1 1 0  1 1 0  1 1 0  1 1 0  1 1 0  1 1 0  1 1 0  1 1 0  1 1 0  1 1 0  1 1 0  1 1 0  1 1 0  1 1 0  1 1 0  0.590271 1 0  0.543185 1 0  0.51727 1 0  0.502191 1 0  0.494609 1 0  0.492971 1 0  0.496462 1 0  0.504673 1 0  0.517488 1 0  0.535075 1 0  0.557981 1 0  0.587434 1 0  0.626289 1 0  0.6838 1 0  1 1 0  1 1 0  1 1 0  1 1 0  1 1 0  1 1 0  1 1 0  1 1 0  1 1 0  1 1 0  1 1 0  1 1 0  1 1 0  1 1 0  1 1 0  1 1 0  1 1 0  1 1 0  1 1 0  1 1 0  1 1 0  1 1 0  1 1 0  1 1 0  1 1 0  1 1 0  1 1 0  1 1 0  1 1 0  1 1 0  1 1 0  1 1 0  1 1 0  1 1 0  1 1 0  1 1 0  1 1 0  1 1 0  1 1 0  1 1 0  1 1 0  1 1 0  1 1 0  
1 1 0  1 1 0  1 1 0  1 1 0  1 1 0  1 1 0  1 1 0  1 1 0  1 1 0  1 1 0  1 1 0  1 1 0  1 1 0  1 1 0  1 1 0  1 1 0  1 1 0  1 1 0  1 1 0  1 1 0  1 1 0  1 1 0  1 1 0  1 1 0  1 1 0  1 1 0  1 1 0  1 1 0  1 1 0  1 1 0  1 1 0  1 1 0  1 1 0  1 1 0  1 1 0  1 1 0  1 1 0  1 1 0  1 1 0  1 1 0  1 1 0  1 1 0  1 1 0  1 1 0  1 1 0  1 1 0  1 1 0  1 1 0  1 1 0  0.699781 1 0  0.706603 1 0  1 1 0  1 1 0  1 1 0  1 1 0  1 1 0  1 1 0  1 1 0  1 1 0  1 1 0  1 1 0  1 1 0  1 1 0  1 1 0  1 1 0  1 1 0  1 1 0  1 1 0  1 1 0  1 1 0  1 1 0  1 1 0  1 1 0  1 1 0  1 1 0  1 1 0  1 1 0  1 1 0  1 1 0  1 1 0  1 1 0  1 1 0  1 1 0  1 1 0  1 1 0  1 1 0  1 1 0  1 1 0  1 1 0  1 1 0  1 1 0  1 1 0  1 1 0  1 1 0  1 1 0  1 1 0  1 1 0  1 1 0  1 1 0  1 1 0  
1 1 0  1 1 0  1 1 0  1 1 0  1 1 0  1 1 0  1 1 0  1 1 0  1 1 0  1 1 0  1 1 0  1 1 0  1 1 0  1 1 0  1 1 0  1 1 0  1 1 0  1 1 0  1 1 0  1 1 0  1 1 0  1 1 0  1 1 0  1 1 0  1 1 0  1 1 0  1 1 0  1 1 0  1 1 0  1 1 0  1 1 0  1 1 0  1 1 0  1 1 0  1 1 0  1 1 0  1 1 0  1 1 0  1 1 0  1 1 0  1 1 0  1 1 0  1 1 0  1 1 0  1 1 0  1 1 0  1 1 0  1 1 0  1 1 0  1 1 0  1 1 0  1 1 0  1 1 0  1 1 0  1 1 0  1 1 0  1 1 0  1 1 0  1 1 0  1 1 0  1 1 0  1 1 0  1 1 0  1 1 0  1 1 0  1 1 0  1 1 0  1 1 0  1 1 0  1 1 0  1 1 0  1 1 0  1 1 0  1 1 0  1 1 0  1 1 0  1 1 0  1 1 0  1 1 0  1 1 0  1 1 0  1 1 0  1 1 0  1 1 0  1 1 0  1 1 0  1 1 0  1 1 0  1 1 0  1 1 0  1 1 0  1 1 0  1 1 0  1 1 0  1 1 0  1 1 0  1 1 0  1 1 0  1 1 0  1 1 0  
1 1 0  1 1 0  1 1 0  1 1 0  1 1 0  1 1 0  1 1 0  1 1 0  1 1 0  1 1 0  1 1 0  1 1 0  1 1 0  1 1 0  1 1 0  1 1 0  1 1 0  1 1 0  1 1 0  1 1 0  1 1 0  1 1 0  1 1 0  1 1 0  1 1 0  1 1 0  1 1 0  1 1 0  1 1 0  1 1 0  1 1 0  1 1 0  1 1 0  1 1 0  1 1 0  1 1 0  1 1 0  1 1 0  1 1 0  1 1 0  1 1 0  1 1 0  1 1 0  1 1 0  1 1 0  1 1 0  1 1 0  1 1 0  1 1 0  1 1 0  1 1 0  1 1 0  1 1 0  1 1 0  1 1 0  1 1 0  1 1 0  1 1 0  1 1 0  1 1 0  1 1 0  1 1 0  1 1 0  1 1 0  1 1 0  1 1 0  1 1 0  1 1 0  1 1 0  1 1 0  1 1 0  1 1 0  1 1 0  1 1 0  1 1 0  1 1 0  1 1 0  1 1 0  1 1 0  1 1 0  1 1 0  1 1 0  1 1 0  1 1 0  1 1 0  1 1 0  1 1 0  1 1 0  1 1 0  1 1 0  1 1 0  1 1 0  1 1 0  1 1 0  1 1 0  1 1 0  1 1 0  1 1 0  1 1 0  1 1 0  
1 1 0  1 1 0  1 1 0  1 1 0  1 1 0  1 1 0  1 1 0  1 1 0  1 1 0  1 1 0  1 1 0  1 1 0  1 1 0  1 1 0  1 1 0  1 1 0  1 1 0  1 1 0  1 1 0  1 1 0  1 1 0  1 1 0  1 1 0  1 1 0  1 1 0  1 1 0  1 1 0  1 1 0  1 1 0  1 1 0  1 1 0  1 1 0  1 1 0  1 1 0  1 1 0  1 1 0  1 1 0  1 1 0  1 1 0  1 1 0  1 1 0  1 1 0  1 1 0  1 1 0  1 1 0  1 1 0  1 1 0  1 1 0  1 1 0  1 1 0  1 1 0  1 1 0  1 1 0  1 1 0  1 1 0  1 1 0  1 1 0  1 1 0  1 1 0  1 1 0  1 1 0  1 1 0  1 1 0  1 1 0  1 1 0  1 1 0  1 1 0  1 1 0  1 1 0  1 1 0  1 1 0  1 1 0  1 1 0  1 1 0  1 1 0  1 1 0  1 1 0  1 1 0  1 1 0  1 1 0  1 1 0  1 1 0  1 1 0  1 1 0  1 1 0  1 1 0  1 1 0  1 1 0  1 1 0  1 1 0  1 1 0  1 1 0  1 1 0  1 1 0  1 1 0  1 1 0  1 1 0  1 1 0  1 1 0  1 1 0  
1 1 0  1 1 0  1 1 0  1 1 0  1 1 0  1 1 0  1 1 0  1 1 0  1 1 0  1 1 0  1 1 0  1 1 0  1 1 0  1 1 0  1 1 0  1 1 0  1 1 0  1 1 0  1 1 0  1 1 0  1 1 0  1 1 0  1 1 0  1 1 0  1 1 0  1 1 0  1 1 0  1 1 0  1 1 0  1 1 0  1 1 0  1 1 0  1 1 0  1 1 0  1 1 0  1 1 0  1 1 0  1 1 0  1 1 0  1 1 0  1 1 0  1 1 0  1 1 0  1 1 0  1 1 0  1 1 0  1 1 0  1 1 0  1 1 0  1 1 0  1 1 0  1 1 0  1 1 0  1 1 0  1 1 0  1 1 0  1 1 0  1 1 0  1 1 0  1 1 0  1 1 0  1 1 0  1 1 0  1 1 0  1 1 0  1 1 0  1 1 0  1 1 0  1 1 0  1 1 0  1 1 0  1 1 0  1 1 0  1 1 0  1 1 0  1 1 0  1 1 0  1 1 0  1 1 0  1 1 0  1 1 0  1 1 0  1 1 0  1 1 0  1 1 0  1 1 0  1 1 0  1 1 0  1 1 0  1 1 0  1 1 0  1 1 0  1 1 0  1 1 0  1 1 0  1 1 0  1 1 0  1 1 0  1 1 0  1 1 0  
1 1 0  1 1 0  1 1 0  1 1 0  1 1 0  1 1 0  1 1 0  1 1 0  1 1 0  1 1 0  1 1 0  1 1 0  1 1 0  1 1 0  1 1 0  1 1 0  1 1 0  1 1 0  1 1 0  1 1 0  1 1 0  1 1 0  1 1 0  1 1 0  1 1 0  1 1 0  1 1 0  1 1 0  1 1 0  1 1 0  1 1 0  1 1 0  1 1 0  1 1 0  1 1 0  1 1 0  1 1 0  1 1 0  1 1 0  1 1 0  1 1 0  1 1 0  1 1 0  1 1 0  1 1 0  1 1 0  1 1 0  1 1 0  1 1 0  1 1 0  1 1 0  1 1 0  1 1 0  1 1 0  1 1 0  1 1 0  1 1 0  1 1 0  1 1 0  1 1 0  1 1 0  1 1 0  1 1 0  1 1 0  1 1 0  1 1 0  1 1 0  1 1 0  1 1 0  1 1 0  1 1 0  1 1 0  1 1 0  1 1 0  1 1 0  1 1 0  1 1 0  1 1 0  1 1 0  1 1 0  1 1 0  1 1 0  1 1 0  1 1 0  1 1 0  1 1 0  1 1 0  1 1 0  1 1 0  1 1 0  1 1 0  1 1 0  1 1 0  1 1 0  1 1 0  1 1 0  1 1 0  1 1 0  1 1 0  1 1 0  
1 1 0  1 1 0  1 1 0  1 1 0  1 1 0  1 1 0  1 1 0  1 1 0  1 1 0  1 1 0  1 1 0  1 1 0  1 1 0  1 1 0  1 1 0  1 1 0  1 1 0  1 1 0  1 1 0  1 1 0  1 1 0  1 1 0  1 1 0  1 1 0  1 1 0  1 1 0  1 1 0  1 1 0  1 1 0  1 1 0  1 1 0  1 1 0  1 1 0  1 1 0  1 1 0  1 1 0  1 1 0  1 1 0  1 1 0  1 1 0  1 1 0  1 1 0  1 1 0  1 1 0  1 1 0  1 1 0  1 1 0  1 1 0  1 1 0  1 1 0  1 1 0  1 1 0  1 1 0  1 1 0  1 1 0  1 1 0  1 1 0  1 1 0  1 1 0  1 1 0  1 1 0  1 1 0  1 1 0  1 1 0  1 1 0  1 1 0  1 1 0  1 1 0  1 1 0  1 1 0  1 1 0  1 1 0  1 1 0  1 1 0  1 1 0  1 1 0  1 1 0  1 1 0  1 1 0  1 1 0  1 1 0  1 1 0  1 1 0  1 1 0  1 1 0  1 1 0  1 1 0  1 1 0  1 1 0  1 1 0  1 1 0  1 1 0  1 1 0  1 1 0  1 1 0  1 1 0  1 1 0  1 1 0  1 1 0  1 1 0  
1 1 0  1 1 0  1 1 0  1 1 0  1 1 0  1 1 0  1 1 0  1 1 0  1 1 0  1 1 0  1 1 0  1 1 0  1 1 0  1 1 0  1 1 0  1 1 0  1 1 0  1 1 0  1 1 0  1 1 0  1 1 0  1 1 0  1 1 0  1 1 0  1 1 0  1 1 0  1 1 0  1 1 0  1 1 0  1 1 0  1 1 0  1 1 0  1 1 0  1 1 0  1 1 0  1 1 0  1 1 0  1 1 0  1 1 0  1 1 0  1 1 0  1 1 0  1 1 0  1 1 0  1 1 0  1 1 0  1 1 0  1 1 0  1 1 0  1 1 0  1 1 0  1 1 0  1 1 0  1 1 0  1 1 0  1 1 0  1 1 0  1 1 0  1 1 0  1 1 0  1 1 0  1 1 0  1 1 0  1 1 0  1 1 0  1 1 0  1 1 0  1 1 0  1 1 0  1 1 0  1 1 0  1 1 0  1 1 0  1 1 0  1 1 0  1 1 0  1 1 0  1 1 0  1 1 0  1 1 0  1 1 0  1 1 0  1 1 0  1 1 0  1 1 0  1 1 0  1 1 0  1 1 0  1 1 0  1 1 0  1 1 0  1 1 0  1 1 0  1 1 0  1 1 0  1 1 0  1 1 0  1 1 0  1 1 0  1 1 0  
1 1 0  1 1 0  1 1 0  1 1 0  1 1 0  1 1 0  1 1 0  1 1 0  1 1 0  1 1 0  1 1 0  1 1 0  1 1 0  1 1 0  1 1 0  1 1 0  1 1 0  1 1 0  1 1 0  1 1 0  1 1 0  1 1 0  1 1 0  1 1 0  1 1 0  1 1 0  1 1 0  1 1 0  1 1 0  1 1 0  1 1 0  1 1 0  1 1 0  1 1 0  1 1 0  1 1 0  1 1 0  1 1 0  1 1 0  1 1 0  1 1 0  1 1 0  1 1 0  1 1 0  1 1 0  1 1 0  1 1 0  1 1 0  1 1 0  1 1 0  1 1 0  1 1 0  1 1 0  1 1 0  1 1 0  1 1 0  1 1 0  1 1 0  1 1 0  1 1 0  1 1 0  1 1 0  1 1 0  1 1 0  1 1 0  1 1 0  1 1 0  1 1 0  1 1 0  1 1 0  1 1 0  1 1 0  1 1 0  1 1 0  1 1 0  1 1 0  1 1 0  1 1 0  1 1 0  1 1 0  1 1 0  1 1 0  1 1 0  1 1 0  1 1 0  1 1 0  1 1 0  1 1 0  1 1 0  1 1 0  1 1 0  1 1 0  1 1 0  1 1 0  1 1 0  1 1 0  1 1 0  1 1 0  1 1 0  1 1 0  
1 1 0  1 1 0  1 1 0  1 1 0  1 1 0  1 1 0  1 1 0  1 1 0  1 1 0  1 1 0  1 1 0  1 1 0  1 1 0  1 1 0  1 1 0  1 1 0  1 1 0  1 1 0  1 1 0  1 1 0  1 1 0  1 1 0  1 1 0  1 1 0  1 1 0  1 1 0  1 1 0  1 1 0  1 1 0  1 1 0  1 1 0  1 1 0  1 1 0  1 1 0  1 1 0  1 1 0  1 1 0  1 1 0  1 1 0  1 1 0  1 1 0  1 1 0  1 1 0  1 1 0  1 1 0  1 1 0  1 1 0  1 1 0  1 1 0  1 1 0  1 1 0  1 1 0  1 1 0  1 1 0  1 1 0  1 1 0  1 1 0  1 1 0  1 1 0  1 1 0  1 1 0  1 1 0  1 1 0  1 1 0  1 1 0  1 1 0  1 1 0  1 1 0  1 1 0  1 1 0  1 1 0  1 1 0  1 1 0  1 1 0  1 1 0  1 1 0  1 1 0  1 1 0  1 1 0  1 1 0  1 1 0  1 1 0  1 1 0  1 1 0  1 1 0  1 1 0  1 1 0  1 1 0  1 1 0  1 1 0  1 1 0  1 1 0  1 1 0  1 1 0  1 1 0  1 1 0  1 1 0  1 1 0  1 1 0  1 1 0  
1 1 0  1 1 0  1 1 0  1 1 0  1 1 0  1 1 0  1 1 0  1 1 0  1 1 0  1 1 0  1 1 0  1 1 0  1 1 0  1 1 0  1 1 0  1 1 0  1 1 0  1 1 0  1 1 0  1 1 0  1 1 0  1 1 0  1 1 0  1 1 0  1 1 0  1 1 0  1 1 0  1 1 0  1 1 0  1 1 0  1 1 0  1 1 0  1 1 0  1 1 0  1 1 0  1 1 0  1 1 0  1 1 0  1 1 0  1 1 0  1 1 0  1 1 0  1 1 0  1 1 0  1 1 0  1 1 0  1 1 0  1 1 0  1 1 0  1 1 0  1 1 0  1 1 0  1 1 0  1 1 0  1 1 0  1 1 0  1 1 0  1 1 0  1 1 0  1 1 0  1 1 0  1 1 0  1 1 0  1 1 0  1 1 0  1 1 0  1 1 0  1 1 0  1 1 0  1 1 0  1 1 0  1 1 0  1 1 0  1 1 0  1 1 0  1 1 0  1 1 0  1 1 0  1 1 0  1 1 0  1 1 0  1 1 0  1 1 0  1 1 0  1 1 0  1 1 0  1 1 0  1 1 0  1 1 0  1 1 0  1 1 0  1 1 0  1 1 0  1 1 0  1 1 0  1 1 0  1 1 0  1 1 0  1 1 0  1 1 0  
1 1 0  1 1 0  1 1 0  1 1 0  1 1 0  1 1 0  1 1 0  1 1 0  1 1 0  1 1 0  1 1 0  1 1 0  1 1 0  1 1 0  1 1 0  1 1 0  1 1 0  1 1 0  1 1 0  1 1 0  1 1 0  1 1 0  1 1 0  1 1 0  1 1 0  1 1 0  1 1 0  1 1 0  1 1 0  1 1 0  1 1 0  1 1 0  1 1 0  1 1 0  1 1 0  1 1 0  1 1 0  1 1 0  1 1 0  1 1 0  1 1 0  1 1 0  1 1 0  1 1 0  1 1 0  1 1 0  1 1 0  1 1 0  1 1 0  1 1 0  1 1 0  1 1 0  1 1 0  1 1 0  1 1 0  1 1 0  1 1 0  1 1 0  1 1 0  1 1 0  1 1 0  1 1 0  1 1 0  1 1 0  1 1 0  1 1 0  1 1 0  1 1 0  1 1 0  1 1 0  1 1 0  1 1 0  1 1 0  1 1 0  1 1 0  1 1 0  1 1 0  1 1 0  1 1 0  1 1 0  1 1 0  1 1 0  1 1 0  1 1 0  1 1 0  1 1 0  1 1 0  1 1 0  1 1 0  1 1 0  1 1 0  1 1 0  1 1 0  1 1 0  1 1 0  1 1 0  1 1 0  1 1 0  1 1 0  1 1 0  
1 1 0  1 1 0  1 1 0  1 1 0  1 1 0  1 1 0  1 1 0  1 1 0  1 1 0  1 1 0  1 1 0  1 1 0  1 1 0  1 1 0  1 1 0  1 1 0  1 1 0  1 1 0  1 1 0  1 1 0  1 1 0  1 1 0  1 1 0  1 1 0  1 1 0  1 1 0  1 1 0  1 1 0  1 1 0  1 1 0  1 1 0  1 1 0  1 1 0  1 1 0  1 1 0  1 1 0  1 1 0  1 1 0  1 1 0  1 1 0  1 1 0  1 1 0  1 1 0  1 1 0  1 1 0  1 1 0  1 1 0  1 1 0  1 1 0  1 1 0  1 1 0  1 1 0  1 1 0  1 1 0  1 1 0  1 1 0  1 1 0  1 1 0  1 1 0  1 1 0  1 1 0  1 1 0  1 1 0  1 1 0  1 1 0  1 1 0  1 1 0  1 1 0  1 1 0  1 1 0  1 1 0  1 1 0  1 1 0  1 1 0  1 1 0  1 1 0  1 1 0  1 1 0  1 1 0  1 1 0  1 1 0  1 1 0  1 1 0  1 1 0  1 1 0  1 1 0  1 1 0  1 1 0  1 1 0  1 1 0  1 1 0  1 1 0  1 1 0  1 1 0  1 1 0  1 1 0  1 1 0  1 1 0  1 1 0  1 1 0  
1 1 0  1 1 0  1 1 0  1 1 0  1 1 0  1 1 0  1 1 0  1 1 0  1 1 0  1 1 0  1 1 0  1 1 0  1 1 0  1 1 0  1 1 0  1 1 0  1 1 0  1 1 0  1 1 0  1 1 0  1 1 0  1 1 0  1 1 0  1 1 0  1 1 0  1 1 0  1 1 0  1 1 0  1 1 0  1 1 0  1 1 0  1 1 0  1 1 0  1 1 0  1 1 0  1 1 0  1 1 0  1 1 0  1 1 0  1 1 0  1 1 0  1 1 0  1 1 0  1 1 0  1 1 0  1 1 0  1 1 0  1 1 0  1 1 0  1 1 0  1 1 0  1 1 0  1 1 0  1 1 0  1 1 0  1 1 0  1 1 0  1 1 0  1 1 0  1 1 0  1 1 0  1 1 0  1 1 0  1 1 0  1 1 0  1 1 0  1 1 0  1 1 0  1 1 0  1 1 0  1 1 0  1 1 0  1 1 0  1 1 0  1 1 0  1 1 0  1 1 0  1 1 0  1 1 0  1 1 0  1 1 0  1 1 0  1 1 0  1 1 0  1 1 0  1 1 0  1 1 0  1 1 0  1 1 0  1 1 0  1 1 0  1 1 0  1 1 0  1 1 0  1 1 0  1 1 0  1 1 0  1 1 0  1 1 0  1 1 0  
1 1 0  1 1 0  1 1 0  1 1 0  1 1 0  1 1 0  1 1 0  1 1 0  1 1 0  1 1 0  1 1 0  1 1 0  1 1 0  1 1 0  1 1 0  1 1 0  1 1 0  1 1 0  1 1 0  1 1 0  1 1 0  1 1 0  1 1 0  1 1 0  1 1 0  1 1 0  1 1 0  1 1 0  1 1 0  1 1 0  1 1 0  1 1 0  1 1 0  1 1 0  1 1 0  1 1 0  1 1 0  1 1 0  1 1 0  1 1 0  1 1 0  1 1 0  1 1 0  1 1 0  1 1 0  1 1 0  1 1 0  1 1 0  1 1 0  1 1 0  1 1 0  1 1 0  1 1 0  1 1 0  1 1 0  1 1 0  1 1 0  1 1 0  1 1 0  1 1 0  1 1 0  1 1 0  1 1 0  1 1 0  1 1 0  1 1 0  1 1 0  1 1 0  1 1 0  1 1 0  1 1 0  1 1 0  1 1 0  1 1 0  1 1 0  1 1 0  1 1 0  1 1 0  1 1 0  1 1 0  1 1 0  1 1 0  1 1 0  1 1 0  1 1 0  1 1 0  1 1 0  1 1 0  1 1 0  1 1 0  1 1 0  1 1 0  1 1 0  1 1 0  1 1 0  1 1 0  1 1 0  1 1 0  1 1 0  1 1 0  
1 1 0  1 1 0  1 1 0  1 1 0  1 1 0  1 1 0  1 1 0  1 1 0  1 1 0  1 1 0  1 1 0  1 1 0  1 1 0  1 1 0  1 1 0  1 1 0  1 1 0  1 1 0  1 1 0  1 1 0  1 1 0  1 1 0  1 1 0  1 1 0  1 1 0  1 1 0  1 1 0  1 1 0  1 1 0  1 1 0  1 1 0  1 1 0  1 1 0  1 1 0  1 1 0  1 1 0  1 1 0  1 1 0  1 1 0  1 1 0  1 1 0  1 1 0  1 1 0  1 1 0  1 1 0  1 1 0  1 1 0  1 1 0  1 1 0  1 1 0  1 1 0  1 1 0  1 1 0  1 1 0  1 1 0  1 1 0  1 1 0  1 1 0  1 1 0  1 1 0  1 1 0  1 1 0  1 1 0  1 1 0  1 1 0  1 1 0  1 1 0  1 1 0  1 1 0  1 1 0  1 1 0  1 1 0  1 1 0  1 1 0  1 1 0  1 1 0  1 1 0  1 1 0  1 1 0  1 1 0  1 1 0  1 1 0  1 1 0  1 1 0  1 1 0  1 1 0  1 1 0  1 1 0  1 1 0  1 1 0  1 1 0  1 1 0  1 1 0  1 1 0  1 1 0  1 1 0  1 1 0  1 1 0  1 1 0  1 1 0  
1 1 0  1 1 0  1 1 0  1 1 0  1 1 0  1 1 0  1 1 0  1 1 0  1 1 0  1 1 0  1 1 0  1 1 0  1 1 0  1 1 0  1 1 0  1 1 0  1 1 0  1 1 0  1 1 0  1 1 0  1 1 0  1 1 0  1 1 0  1 1 0  1 1 0  1 1 0  1 1 0  1 1 0  1 1 0  1 1 0  1 1 0  1 1 0  1 1 0  1 1 0  1 1 0  1 1 0  1 1 0  1 1 0  1 1 0  1 1 0  1 1 0  1 1 0  1 1 0  1 1 0  1 1 0  1 1 0  1 1 0  1 1 0  1 1 0  1 1 0  1 1 0  1 1 0  1 1 0  1 1 0  1 1 0  1 1 0  1 1 0  1 1 0  1 1 0  1 1 0  1 1 0  1 1 0  1 1 0  1 1 0  1 1 0  1 1 0  1 1 0  1 1 0  1 1 0  1 1 0  1 1 0  1 1 0  1 1 0  1 1 0  1 1 0  1 1 0  1 1 0  1 1 0  1 1 0  1 1 0  1 1 0  1 1 0  1 1 0  1 1 0  1 1 0  1 1 0  1 1 0  1 1 0  1 1 0  1 1 0  1 1 0  1 1 0  1 1 0  1 1 0  1 1 0  1 1 0  1 1 0  1 1 0  1 1 0  1 1 0  
1 1 0  1 1 0  1 1 0  1 1 0  1 1 0  1 1 0  1 1 0  1 1 0  1 1 0  1 1 0  1 1 0  1 1 0  1 1 0  1 1 0  1 1 0  1 1 0  1 1 0  1 1 0  1 1 0  1 1 0  1 1 0  1 1 0  1 1 0  1 1 0  1 1 0  1 1 0  1 1 0  1 1 0  1 1 0  1 1 0  1 1 0  1 1 0  1 1 0  1 1 0  1 1 0  1 1 0  1 1 0  1 1 0  1 1 0  1 1 0  1 1 0  1 1 0  1 1 0  1 1 0  1 1 0  1 1 0  1 1 0  1 1 0  1 1 0  1 1 0  1 1 0  1 1 0  1 1 0  1 1 0  1 1 0  1 1 0  1 1 0  1 1 0  1 1 0  1 1 0  1 1 0  1 1 0  1 1 0  1 1 0  1 1 0  1 1 0  1 1 0  1 1 0  1 1 0  1 1 0  1 1 0  1 1 0  1 1 0  1 1 0  1 1 0  1 1 0  1 1 0  1 1 0  1 1 0  1 1 0  1 1 0  1 1 0  1 1 0  1 1 0  1 1 0  1 1 0  1 1 0  1 1 0  1 1 0  1 1 0  1 1 0  1 1 0  1 1 0  1 1 0  1 1 0  1 1 0  1 1 0  1 1 0  1 1 0  1 1 0  
1 1 0  1 1 0  1 1 0  1 1 0  1 1 0  1 1 0  1 1 0  1 1 0  1 1 0  1 1 0  1 1 0  1 1 0  1 1 0  1 1 0  1 1 0  1 1 0  1 1 0  1 1 0  1 1 0  1 1 0  1 1 0  1 1 0  1 1 0  1 1 0  1 1 0  1 1 0  1 1 0  1 1 0  1 1 0  1 1 0  1 1 0  1 1 0  1 1 0  1 1 0  1 1 0  1 1 0  1 1 0  1 1 0  1 1 0  1 1 0  1 1 0  1 1 0  1 1 0  1 1 0  1 1 0  1 1 0  1 1 0  1 1 0  1 1 0  1 1 0  1 1 0  1 1 0  1 1 0  1 1 0  1 1 0  1 1 0  1 1 0  1 1 0  1 1 0  1 1 0  1 1 0  1 1 0  1 1 0  1 1 0  1 1 0  1 1 0  1 1 0  1 1 0  1 1 0  1 1 0  1 1 0  1 1 0  1 1 0  1 1 0  1 1 0  1 1 0  1 1 0  1 1 0  1 1 0  1 1 0  1 1 0  1 1 0  1 1 0  1 1 0  1 1 0  1 1 0  1 1 0  1 1 0  1 1 0  1 1 0  1 1 0  1 1 0  1 1 0  1 1 0  1 1 0  1 1 0  1 1 0  1 1 0  1 1 0  1 1 0  
1 1 0  1 1 0  1 1 0  1 1 0  1 1 0  1 1 0  1 1 0  1 1 0  1 1 0  1 1 0  1 1 0  1 1 0  1 1 0  1 1 0  1 1 0  1 1 0  1 1 0  1 1 0  1 1 0  1 1 0  1 1 0  1 1 0  1 1 0  1 1 0  1 1 0  1 1 0  1 1 0  1 1 0  1 1 0  1 1 0  1 1 0  1 1 0  1 1 0  1 1 0  1 1 0  1 1 0  1 1 0  1 1 0  1 1 0  1 1 0  1 1 0  1 1 0  1 1 0  1 1 0  1 1 0  1 1 0  1 1 0  1 1 0  1 1 0  1 1 0  1 1 0  1 1 0  1 1 0  1 1 0  1 1 0  1 1 0  1 1 0  1 1 0  1 1 0  1 1 0  1 1 0  1 1 0  1 1 0  1 1 0  1 1 0  1 1 0  1 1 0  1 1 0  1 1 0  1 1 0  1 1 0  1 1 0  1 1 0  1 1 0  1 1 0  1 1 0  1 1 0  1 1 0  1 1 0  1 1 0  1 1 0  1 1 0  1 1 0  1 1 0  1 1 0  1 1 0  1 1 0  1 1 0  1 1 0  1 1 0  1 1 0  1 1 0  1 1 0  1 1 0  1 1 0  1 1 0  1 1 0  1 1 0  1 1 0  1 1 0  
1 1 0  1 1 0  1 1 0  1 1 0  1 1 0  1 1 0  1 1 0  1 1 0  1 1 0  1 1 0  1 1 0  1 1 0  1 1 0  1 1 0  1 1 0  1 1 0  1 1 0  1 1 0  1 1 0  1 1 0  1 1 0  1 1 0  1 1 0  1 1 0  1 1 0  1 1 0  1 1 0  1 1 0  1 1 0  1 1 0  1 1 0  1 1 0  1 1 0  1 1 0  1 1 0  1 1 0  1 1 0  1 1 0  1 1 0  1 1 0  1 1 0  1 1 0  1 1 0  1 1 0  1 1 0  1 1 0  1 1 0  1 1 0  1 1 0  1 1 0  1 1 0  1 1 0  1 1 0  1 1 0  1 1 0  1 1 0  1 1 0  1 1 0  1 1 0  1 1 0  1 1 0  1 1 0  1 1 0  1 1 0  1 1 0  1 1 0  1 1 0  1 1 0  1 1 0  1 1 0  1 1 0  1 1 0  1 1 0  1 1 0  1 1 0  1 1 0  1 1 0  1 1 0  1 1 0  1 1 0  1 1 0  1 1 0  1 1 0  1 1 0  1 1 0  1 1 0  1 1 0  1 1 0  1 1 0  1 1 0  1 1 0  1 1 0  1 1 0  1 1 0  1 1 0  1 1 0  1 1 0  1 1 0  1 1 0  1 1 0  
1 1 0  1 1 0  1 1 0  1 1 0  1 1 0  1 1 0  1 1 0  1 1 0  1 1 0  1 1 0  1 1 0  1 1 0  1 1 0  1 1 0  1 1 0  1 1 0  1 1 0  1 1 0  1 1 0  1 1 0  1 1 0  1 1 0  1 1 0  1 1 0  1 1 0  1 1 0  1 1 0  1 1 0  1 1 0  1 1 0  1 1 0  1 1 0  1 1 0  1 1 0  1 1 0  1 1 0  1 1 0  1 1 0  1 1 0  1 1 0  1 1 0  1 1 0  1 1 0  1 1 0  1 1 0  1 1 0  1 1 0  1 1 0  1 1 0  1 1 0  1 1 0  1 1 0  1 1 0  1 1 0  1 1 0  1 1 0  1 1 0  1 1 0  1 1 0  1 1 0  1 1 0  1 1 0  1 1 0  1 1 0  1 1 0  1 1 0  1 1 0  1 1 0  1 1 0  1 1 0  1 1 0  1 1 0  1 1 0  1 1 0  1 1 0  1 1 0  1 1 0  1 1 0  1 1 0  1 1 0  1 1 0  1 1 0  1 1 0  1 1 0  1 1 0  1 1 0  1 1 0  1 1 0  1 1 0  1 1 0  1 1 0  1 1 0  1 1 0  1 1 0  1 1 0  1 1 0  1 1 0  1 1 0  1 1 0  1 1 0  
1 1 0  1 1 0  1 1 0  1 1 0  1 1 0  1 1 0  1 1 0  1 1 0  1 1 0  1 1 0  1 1 0  1 1 0  1 1 0  1 1 0  1 1 0  1 1 0  1 1 0  1 1 0  1 1 0  1 1 0  1 1 0  1 1 0  1 1 0  1 1 0  1 1 0  1 1 0  1 1 0  1 1 0  1 1 0  1 1 0  1 1 0  1 1 0  1 1 0  1 1 0  1 1 0  1 1 0  1 1 0  1 1 0  1 1 0  1 1 0  1 1 0  1 1 0  1 1 0  1 1 0  1 1 0  1 1 0  1 1 0  1 1 0  1 1 0  1 1 0  1 1 0  1 1 0  1 1 0  1 1 0  1 1 0  1 1 0  1 1 0  1 1 0  1 1 0  1 1 0  1 1 0  1 1 0  1 1 0  1 1 0  1 1 0  1 1 0  1 1 0  1 1 0  1 1 0  1 1 0  1 1 0  1 1 0  1 1 0  1 1 0  1 1 0  1 1 0  1 1 0  1 1 0  1 1 0  1 1 0  1 1 0  1 1 0  1 1 0  1 1 0  1 1 0  1 1 0  1 1 0  1 1 0  1 1 0  1 1 0  1 1 0  1 1 0  1 1 0  1 1 0  1 1 0  1 1 0  1 1 0  1 1 0  1 1 0  1 1 0  
1 1 0  1 1 0  1 1 0  1 1 0  1 1 0  1 1 0  1 1 0  1 1 0  1 1 0  1 1 0  1 1 0  1 1 0  1 1 0  1 1 0  1 1 0  1 1 0  1 1 0  1 1 0  1 1 0  1 1 0  1 1 0  1 1 0  1 1 0  1 1 0  1 1 0  1 1 0  1 1 0  1 1 0  1 1 0  1 1 0  1 1 0  1 1 0  1 1 0  1 1 0  1 1 0  1 1 0  1 1 0  1 1 0  1 1 0  1 1 0  1 1 0  1 1 0  1 1 0  1 1 0  1 1 0  1 1 0  1 1 0  1 1 0  1 1 0  1 1 0  1 1 0  1 1 0  1 1 0  1 1 0  1 1 0  1 1 0  1 1 0  1 1 0  1 1 0  1 1 0  1 1 0  1 1 0  1 1 0  1 1 0  1 1 0  1 1 0  1 1 0  1 1 0  1 1 0  1 1 0  1 1 0  1 1 0  1 1 0  1 1 0  1 1 0  1 1 0  1 1 0  1 1 0  1 1 0  1 1 0  1 1 0  1 1 0  1 1 0  1 1 0  1 1 0  1 1 0  1 1 0  1 1 0  1 1 0  1 1 0  1 1 0  1 1 0  1 1 0  1 1 0  1 1 0  1 1 0  1 1 0  1 1 0  1 1 0  1 1 0  
1 1 0  1 1 0  1 1 0  1 1 0  1 1 0  1 1 0  1 1 0  1 1 0  1 1 0  1 1 0  1 1 0  1 1 0  1 1 0  1 1 0  1 1 0  1 1 0  1 1 0  1 1 0  1 1 0  1 1 0  1 1 0  1 1 0  1 1 0  1 1 0  1 1 0  1 1 0  1 1 0  1 1 0  1 1 0  1 1 0  1 1 0  1 1 0  1 1 0  1 1 0  1 1 0  1 1 0  1 1 0  1 1 0  1 1 0  1 1 0  1 1 0  1 1 0  1 1 0  1 1 0  1 1 0  1 1 0  1 1 0  1 1 0  1 1 0  1 1 0  1 1 0  1 1 0  1 1 0  1 1 0  1 1 0  1 1 0  1 1 0  1 1 0  1 1 0  1 1 0  1 1 0  1 1 0  1 1 0  1 1 0  1 1 0  1 1 0  1 1 0  1 1 0  1 1 0  1 1 0  1 1 0  1 1 0  1 1 0  1 1 0  1 1 0  1 1 0  1 1 0  1 1 0  1 1 0  1 1 0  1 1 0  1 1 0  1 1 0  1 1 0  1 1 0  1 1 0  1 1 0  1 1 0  1 1 0  1 1 0  1 1 0  1 1 0  1 1 0  1 1 0  1 1 0  1 1 0  1 1 0  1 1 0  1 1 0  1 1 0  
